#>>>>>>>>>>>>>>>>>>>>>>>>>>>>>>>>>>>>>>>>>>>>>>>>>>>>>>>>>>>>
# [SECTION REPORT FLUENCE SPECTRUM]
# PHOTONS                                                                       
#
# The spectral fluence is integrated over the detector volume, its units are cm^3/(cm^2*eV)=cm/eV.
#
# Detection material:
#  3
# Number of energy bins:
#  71
# Linear energy scale, bin width (eV):
#      Infinity
#
# For plotting purposes, two energies per bin are given, namely, the low end and the middle point of each bin.
#
# Elow(eV) : Emiddle(eV) : fluence(cm/eV) : +-2sigma : nbin
  1.00000E+04  1.05000E+04  0.00000E+00  0.0E+00 1
  1.10000E+04  1.15000E+04  1.74657E-09  2.1E-09 2
  1.20000E+04  1.25000E+04  1.29667E-09  1.8E-09 3
  1.30000E+04  1.35000E+04  2.09100E-09  2.0E-09 4
  1.40000E+04  1.45000E+04  4.27897E-09  3.3E-09 5
  1.50000E+04  1.55000E+04  1.21714E-08  6.3E-09 6
  1.60000E+04  1.65000E+04  3.56600E-08  1.1E-08 7
  1.70000E+04  1.75000E+04  9.98207E-08  1.7E-08 8
  1.80000E+04  1.85000E+04  1.20661E-06  4.5E-08 9
  1.90000E+04  1.95000E+04  2.83386E-06  7.3E-08 10
  2.00000E+04  2.05000E+04  9.44318E-06  1.3E-07 11
  2.10000E+04  2.15000E+04  2.35777E-05  2.2E-07 12
  2.20000E+04  2.25000E+04  6.93731E-05  4.0E-07 13
  2.30000E+04  2.35000E+04  2.23809E-04  7.7E-07 14
  2.40000E+04  2.45000E+04  3.94006E-04  9.8E-07 15
  2.50000E+04  2.55000E+04  4.18262E-03  3.5E-06 16
  2.60000E+04  2.65000E+04  1.45176E-02  6.3E-06 17
  2.70000E+04  2.75000E+04  4.09889E-04  8.8E-07 18
  2.80000E+04  2.85000E+04  1.39157E-03  1.9E-06 19
  2.90000E+04  2.95000E+04  3.01284E-03  2.9E-06 20
  3.00000E+04  3.05000E+04  1.18323E-03  1.6E-06 21
  3.10000E+04  3.15000E+04  1.69323E-03  2.0E-06 22
  3.20000E+04  3.25000E+04  2.61492E-03  2.6E-06 23
  3.30000E+04  3.35000E+04  1.00430E-03  1.2E-06 24
  3.40000E+04  3.45000E+04  1.12183E-03  1.3E-06 25
  3.50000E+04  3.55000E+04  1.23754E-03  1.3E-06 26
  3.60000E+04  3.65000E+04  1.98619E-03  2.0E-06 27
  3.70000E+04  3.75000E+04  1.59754E-03  1.6E-06 28
  3.80000E+04  3.85000E+04  1.51714E-03  1.5E-06 29
  3.90000E+04  3.95000E+04  1.60267E-03  1.5E-06 30
  4.00000E+04  4.05000E+04  1.67940E-03  1.5E-06 31
  4.10000E+04  4.15000E+04  1.74571E-03  1.6E-06 32
  4.20000E+04  4.25000E+04  1.80286E-03  1.6E-06 33
  4.30000E+04  4.35000E+04  1.85498E-03  1.6E-06 34
  4.40000E+04  4.45000E+04  1.89896E-03  1.7E-06 35
  4.50000E+04  4.55000E+04  1.93986E-03  1.7E-06 36
  4.60000E+04  4.65000E+04  1.97833E-03  1.7E-06 37
  4.70000E+04  4.75000E+04  2.01282E-03  1.8E-06 38
  4.80000E+04  4.85000E+04  2.05834E-03  1.8E-06 39
  4.90000E+04  4.95000E+04  2.10189E-03  1.8E-06 40
  5.00000E+04  5.05000E+04  2.12079E-03  1.9E-06 41
  5.10000E+04  5.15000E+04  2.12322E-03  1.9E-06 42
  5.20000E+04  5.25000E+04  2.12552E-03  1.9E-06 43
  5.30000E+04  5.35000E+04  2.13055E-03  1.9E-06 44
  5.40000E+04  5.45000E+04  2.13783E-03  1.9E-06 45
  5.50000E+04  5.55000E+04  2.14130E-03  1.9E-06 46
  5.60000E+04  5.65000E+04  2.13615E-03  1.9E-06 47
  5.70000E+04  5.75000E+04  2.13200E-03  1.9E-06 48
  5.80000E+04  5.85000E+04  2.12748E-03  2.0E-06 49
  5.90000E+04  5.95000E+04  5.64086E-03  3.1E-06 50
  6.00000E+04  6.05000E+04  8.51108E-03  3.8E-06 51
  6.10000E+04  6.15000E+04  2.06058E-03  2.0E-06 52
  6.20000E+04  6.25000E+04  2.04438E-03  2.0E-06 53
  6.30000E+04  6.35000E+04  2.02860E-03  2.0E-06 54
  6.40000E+04  6.45000E+04  2.00756E-03  2.0E-06 55
  6.50000E+04  6.55000E+04  1.98784E-03  2.0E-06 56
  6.60000E+04  6.65000E+04  1.97066E-03  2.0E-06 57
  6.70000E+04  6.75000E+04  1.94581E-03  2.0E-06 58
  6.80000E+04  6.85000E+04  4.65848E-03  3.0E-06 59
  6.90000E+04  6.95000E+04  1.88832E-03  2.0E-06 60
  7.00000E+04  7.05000E+04  2.20952E-03  2.1E-06 61
  7.10000E+04  7.15000E+04  1.42199E-03  1.7E-06 62
  7.20000E+04  7.25000E+04  1.41723E-03  1.7E-06 63
  7.30000E+04  7.35000E+04  1.40876E-03  1.7E-06 64
  7.40000E+04  7.45000E+04  1.40164E-03  1.7E-06 65
  7.50000E+04  7.55000E+04  1.39235E-03  1.7E-06 66
  7.60000E+04  7.65000E+04  1.37904E-03  1.7E-06 67
  7.70000E+04  7.75000E+04  1.36911E-03  1.7E-06 68
  7.80000E+04  7.85000E+04  1.35213E-03  1.7E-06 69
  7.90000E+04  7.95000E+04  1.33698E-03  1.7E-06 70
  8.00000E+04  8.05000E+04  1.31920E-03  1.7E-06 71
 
# Performance report
#   Random seeds:
#    436464879
#    796743037
#   No. of histories simulated [N]:
#           306342982.
#   CPU time [t] (s):
#    2.01005E+03
#   Speed (histories/s):
#    1.52406E+05
#   Average uncertainty (above 1/2 max score) in % [uncert]:
#    4.42802E-02
#   Intrinsic efficiency [N*uncert^2]^-1:
#    1.66485E-06
#   Absolute efficiency [t*uncert^2]^-1:
#    2.53732E-01
