#>>>>>>>>>>>>>>>>>>>>>>>>>>>>>>>>>>>>>>>>>>>>>>>>>>>>>>>>>>>>
# [SECTION REPORT FLUENCE SPECTRUM]
# PHOTONS                                                                       
#
# The spectral fluence is integrated over the detector volume, its units are cm^3/(cm^2*eV)=cm/eV.
#
# Detection material:
#  3
# Number of energy bins:
#  71
# Linear energy scale, bin width (eV):
#      Infinity
#
# For plotting purposes, two energies per bin are given, namely, the low end and the middle point of each bin.
#
# Elow(eV) : Emiddle(eV) : fluence(cm/eV) : +-2sigma : nbin
  1.00000E+04  1.05000E+04  2.33309E-06  1.2E-07 1
  1.10000E+04  1.15000E+04  2.31465E-05  3.8E-07 2
  1.20000E+04  1.25000E+04  1.02461E-06  8.2E-08 3
  1.30000E+04  1.35000E+04  1.92123E-08  1.2E-08 4
  1.40000E+04  1.45000E+04  1.07685E-06  6.2E-08 5
  1.50000E+04  1.55000E+04  6.18014E-06  1.5E-07 6
  1.60000E+04  1.65000E+04  2.31106E-05  2.8E-07 7
  1.70000E+04  1.75000E+04  6.18902E-05  4.6E-07 8
  1.80000E+04  1.85000E+04  1.37471E-04  6.8E-07 9
  1.90000E+04  1.95000E+04  2.59087E-04  9.4E-07 10
  2.00000E+04  2.05000E+04  4.30970E-04  1.2E-06 11
  2.10000E+04  2.15000E+04  6.40677E-04  1.5E-06 12
  2.20000E+04  2.25000E+04  8.86513E-04  1.7E-06 13
  2.30000E+04  2.35000E+04  1.15765E-03  2.0E-06 14
  2.40000E+04  2.45000E+04  1.44417E-03  2.3E-06 15
  2.50000E+04  2.55000E+04  1.74073E-03  2.5E-06 16
  2.60000E+04  2.65000E+04  2.04498E-03  2.7E-06 17
  2.70000E+04  2.75000E+04  2.35066E-03  3.0E-06 18
  2.80000E+04  2.85000E+04  2.73281E-03  3.3E-06 19
  2.90000E+04  2.95000E+04  3.03972E-03  3.5E-06 20
  3.00000E+04  3.05000E+04  3.26380E-03  3.7E-06 21
  3.10000E+04  3.15000E+04  8.03828E-03  6.6E-06 22
  3.20000E+04  3.25000E+04  1.21179E-02  8.3E-06 23
  3.30000E+04  3.35000E+04  3.63445E-03  4.0E-06 24
  3.40000E+04  3.45000E+04  3.73658E-03  4.1E-06 25
  3.50000E+04  3.55000E+04  3.84080E-03  4.2E-06 26
  3.60000E+04  3.65000E+04  6.87795E-03  6.0E-06 27
  3.70000E+04  3.75000E+04  4.19690E-03  4.3E-06 28
  3.80000E+04  3.85000E+04  3.08414E-03  3.3E-06 29
  3.90000E+04  3.95000E+04  3.08782E-03  3.3E-06 30
  4.00000E+04  4.05000E+04  3.08877E-03  3.3E-06 31
  4.10000E+04  4.15000E+04  3.07119E-03  3.4E-06 32
  4.20000E+04  4.25000E+04  3.04317E-03  3.4E-06 33
  4.30000E+04  4.35000E+04  3.01015E-03  3.4E-06 34
  4.40000E+04  4.45000E+04  2.97959E-03  3.4E-06 35
  4.50000E+04  4.55000E+04  2.94064E-03  3.4E-06 36
  4.60000E+04  4.65000E+04  2.90273E-03  3.4E-06 37
  4.70000E+04  4.75000E+04  2.86250E-03  3.4E-06 38
  4.80000E+04  4.85000E+04  2.82178E-03  3.4E-06 39
  4.90000E+04  4.95000E+04  2.77979E-03  3.4E-06 40
  5.00000E+04  5.05000E+04  2.72343E-03  3.4E-06 41
  5.10000E+04  5.15000E+04  2.66001E-03  3.4E-06 42
  5.20000E+04  5.25000E+04  2.59436E-03  3.4E-06 43
  5.30000E+04  5.35000E+04  2.52355E-03  3.4E-06 44
  5.40000E+04  5.45000E+04  2.45438E-03  3.3E-06 45
  5.50000E+04  5.55000E+04  2.38096E-03  3.3E-06 46
  5.60000E+04  5.65000E+04  2.30612E-03  3.3E-06 47
  5.70000E+04  5.75000E+04  2.45409E-03  3.4E-06 48
  5.80000E+04  5.85000E+04  2.14633E-03  3.2E-06 49
  5.90000E+04  5.95000E+04  3.24428E-03  4.0E-06 50
  6.00000E+04  6.05000E+04  3.35075E-03  4.0E-06 51
  6.10000E+04  6.15000E+04  1.88345E-03  3.0E-06 52
  6.20000E+04  6.25000E+04  1.79516E-03  3.0E-06 53
  6.30000E+04  6.35000E+04  1.70366E-03  2.9E-06 54
  6.40000E+04  6.45000E+04  1.61308E-03  2.8E-06 55
  6.50000E+04  6.55000E+04  1.52215E-03  2.8E-06 56
  6.60000E+04  6.65000E+04  1.48017E-03  2.7E-06 57
  6.70000E+04  6.75000E+04  1.43900E-03  2.7E-06 58
  6.80000E+04  6.85000E+04  1.76841E-03  3.0E-06 59
  6.90000E+04  6.95000E+04  1.12484E-03  2.4E-06 60
  7.00000E+04  7.05000E+04  1.02728E-03  2.2E-06 61
  7.10000E+04  7.15000E+04  8.22700E-04  2.0E-06 62
  7.20000E+04  7.25000E+04  7.46377E-04  1.9E-06 63
  7.30000E+04  7.35000E+04  6.68059E-04  1.8E-06 64
  7.40000E+04  7.45000E+04  5.85643E-04  1.7E-06 65
  7.50000E+04  7.55000E+04  5.04732E-04  1.6E-06 66
  7.60000E+04  7.65000E+04  4.22265E-04  1.4E-06 67
  7.70000E+04  7.75000E+04  3.38995E-04  1.3E-06 68
  7.80000E+04  7.85000E+04  2.55481E-04  1.1E-06 69
  7.90000E+04  7.95000E+04  1.70363E-04  9.2E-07 70
  8.00000E+04  8.05000E+04  8.57469E-05  6.6E-07 71
 
# Performance report
#   Random seeds:
#    809797041
#   1636953188
#   No. of histories simulated [N]:
#           131786991.
#   CPU time [t] (s):
#    8.15243E+02
#   Speed (histories/s):
#    1.61654E+05
#   Average uncertainty (above 1/2 max score) in % [uncert]:
#    7.99724E-02
#   Intrinsic efficiency [N*uncert^2]^-1:
#    1.18644E-06
#   Absolute efficiency [t*uncert^2]^-1:
#    1.91793E-01
