#>>>>>>>>>>>>>>>>>>>>>>>>>>>>>>>>>>>>>>>>>>>>>>>>>>>>>>>>>>>>
# [SECTION REPORT FLUENCE SPECTRUM]
# PHOTONS                                                                       
#
# The spectral fluence is integrated over the detector volume, its units are cm^3/(cm^2*eV)=cm/eV.
#
# Detection material:
#  3
# Number of energy bins:
#  71
# Linear energy scale, bin width (eV):
#      Infinity
#
# For plotting purposes, two energies per bin are given, namely, the low end and the middle point of each bin.
#
# Elow(eV) : Emiddle(eV) : fluence(cm/eV) : +-2sigma : nbin
  1.00000E+04  1.05000E+04  2.87343E-10  4.0E-10 1
  1.10000E+04  1.15000E+04  5.86803E-10  5.7E-10 2
  1.20000E+04  1.25000E+04  3.57813E-09  1.5E-09 3
  1.30000E+04  1.35000E+04  2.41784E-08  3.8E-09 4
  1.40000E+04  1.45000E+04  1.08273E-06  1.9E-08 5
  1.50000E+04  1.55000E+04  6.28839E-06  4.5E-08 6
  1.60000E+04  1.65000E+04  2.29583E-05  8.6E-08 7
  1.70000E+04  1.75000E+04  6.15990E-05  1.4E-07 8
  1.80000E+04  1.85000E+04  1.36619E-04  2.1E-07 9
  1.90000E+04  1.95000E+04  2.57959E-04  2.9E-07 10
  2.00000E+04  2.05000E+04  4.29056E-04  3.7E-07 11
  2.10000E+04  2.15000E+04  6.34708E-04  4.5E-07 12
  2.20000E+04  2.25000E+04  8.69780E-04  5.2E-07 13
  2.30000E+04  2.35000E+04  1.12593E-03  6.0E-07 14
  2.40000E+04  2.45000E+04  1.39276E-03  6.6E-07 15
  2.50000E+04  2.55000E+04  1.66292E-03  7.3E-07 16
  2.60000E+04  2.65000E+04  1.93097E-03  7.9E-07 17
  2.70000E+04  2.75000E+04  2.20140E-03  8.5E-07 18
  2.80000E+04  2.85000E+04  2.57878E-03  9.5E-07 19
  2.90000E+04  2.95000E+04  2.85202E-03  1.0E-06 20
  3.00000E+04  3.05000E+04  3.01688E-03  1.0E-06 21
  3.10000E+04  3.15000E+04  1.04111E-02  2.4E-06 22
  3.20000E+04  3.25000E+04  1.67511E-02  3.1E-06 23
  3.30000E+04  3.35000E+04  3.24748E-03  1.1E-06 24
  3.40000E+04  3.45000E+04  3.33001E-03  1.1E-06 25
  3.50000E+04  3.55000E+04  3.40938E-03  1.1E-06 26
  3.60000E+04  3.65000E+04  8.08205E-03  2.1E-06 27
  3.70000E+04  3.75000E+04  4.30255E-03  1.4E-06 28
  3.80000E+04  3.85000E+04  2.87219E-03  9.2E-07 29
  3.90000E+04  3.95000E+04  2.84274E-03  9.2E-07 30
  4.00000E+04  4.05000E+04  2.80741E-03  9.1E-07 31
  4.10000E+04  4.15000E+04  2.75481E-03  9.0E-07 32
  4.20000E+04  4.25000E+04  2.69520E-03  8.9E-07 33
  4.30000E+04  4.35000E+04  2.63093E-03  8.8E-07 34
  4.40000E+04  4.45000E+04  2.56807E-03  8.7E-07 35
  4.50000E+04  4.55000E+04  2.50246E-03  8.6E-07 36
  4.60000E+04  4.65000E+04  2.43732E-03  8.5E-07 37
  4.70000E+04  4.75000E+04  2.37099E-03  8.4E-07 38
  4.80000E+04  4.85000E+04  2.30718E-03  8.3E-07 39
  4.90000E+04  4.95000E+04  2.24286E-03  8.2E-07 40
  5.00000E+04  5.05000E+04  2.17531E-03  8.1E-07 41
  5.10000E+04  5.15000E+04  2.10445E-03  8.0E-07 42
  5.20000E+04  5.25000E+04  2.03208E-03  7.9E-07 43
  5.30000E+04  5.35000E+04  1.96190E-03  7.8E-07 44
  5.40000E+04  5.45000E+04  1.89379E-03  7.7E-07 45
  5.50000E+04  5.55000E+04  1.82430E-03  7.6E-07 46
  5.60000E+04  5.65000E+04  1.75752E-03  7.5E-07 47
  5.70000E+04  5.75000E+04  1.69003E-03  7.4E-07 48
  5.80000E+04  5.85000E+04  1.62174E-03  7.3E-07 49
  5.90000E+04  5.95000E+04  2.14179E-03  8.3E-07 50
  6.00000E+04  6.05000E+04  2.52578E-03  9.1E-07 51
  6.10000E+04  6.15000E+04  1.41339E-03  6.9E-07 52
  6.20000E+04  6.25000E+04  1.34513E-03  6.8E-07 53
  6.30000E+04  6.35000E+04  1.27624E-03  6.6E-07 54
  6.40000E+04  6.45000E+04  1.20843E-03  6.5E-07 55
  6.50000E+04  6.55000E+04  1.14019E-03  6.3E-07 56
  6.60000E+04  6.65000E+04  1.07145E-03  6.2E-07 57
  6.70000E+04  6.75000E+04  1.00468E-03  6.0E-07 58
  6.80000E+04  6.85000E+04  1.33193E-03  7.0E-07 59
  6.90000E+04  6.95000E+04  8.66256E-04  5.7E-07 60
  7.00000E+04  7.05000E+04  8.83412E-04  5.8E-07 61
  7.10000E+04  7.15000E+04  7.06582E-04  5.2E-07 62
  7.20000E+04  7.25000E+04  6.42678E-04  5.0E-07 63
  7.30000E+04  7.35000E+04  5.74888E-04  4.7E-07 64
  7.40000E+04  7.45000E+04  5.06209E-04  4.5E-07 65
  7.50000E+04  7.55000E+04  4.36487E-04  4.2E-07 66
  7.60000E+04  7.65000E+04  3.66798E-04  3.8E-07 67
  7.70000E+04  7.75000E+04  2.94962E-04  3.5E-07 68
  7.80000E+04  7.85000E+04  2.22715E-04  3.0E-07 69
  7.90000E+04  7.95000E+04  1.48959E-04  2.5E-07 70
  8.00000E+04  8.05000E+04  7.44668E-05  1.8E-07 71
 
# Performance report
#   Random seeds:
#    120532885
#   1611654598
#   No. of histories simulated [N]:
#          1390884099.
#   CPU time [t] (s):
#    8.03036E+03
#   Speed (histories/s):
#    1.73203E+05
#   Average uncertainty (above 1/2 max score) in % [uncert]:
#    2.09767E-02
#   Intrinsic efficiency [N*uncert^2]^-1:
#    1.63394E-06
#   Absolute efficiency [t*uncert^2]^-1:
#    2.83003E-01
