#>>>>>>>>>>>>>>>>>>>>>>>>>>>>>>>>>>>>>>>>>>>>>>>>>>>>>>>>>>>>
# [SECTION REPORT FLUENCE SPECTRUM]
# PHOTONS                                                                       
#
# The spectral fluence is integrated over the detector volume, its units are cm^3/(cm^2*eV)=cm/eV.
#
# Detection material:
#  3
# Number of energy bins:
#  71
# Linear energy scale, bin width (eV):
#      Infinity
#
# For plotting purposes, two energies per bin are given, namely, the low end and the middle point of each bin.
#
# Elow(eV) : Emiddle(eV) : fluence(cm/eV) : +-2sigma : nbin
  1.00000E+04  1.05000E+04  0.00000E+00  0.0E+00 1
  1.10000E+04  1.15000E+04  3.51751E-09  7.0E-09 2
  1.20000E+04  1.25000E+04  1.59758E-09  3.2E-09 3
  1.30000E+04  1.35000E+04  1.75780E-08  1.5E-08 4
  1.40000E+04  1.45000E+04  1.06587E-06  8.0E-08 5
  1.50000E+04  1.55000E+04  6.38476E-06  1.9E-07 6
  1.60000E+04  1.65000E+04  2.32597E-05  3.7E-07 7
  1.70000E+04  1.75000E+04  6.24066E-05  6.1E-07 8
  1.80000E+04  1.85000E+04  1.40526E-04  9.1E-07 9
  1.90000E+04  1.95000E+04  2.66288E-04  1.3E-06 10
  2.00000E+04  2.05000E+04  4.51192E-04  1.7E-06 11
  2.10000E+04  2.15000E+04  6.82513E-04  2.1E-06 12
  2.20000E+04  2.25000E+04  9.54893E-04  2.5E-06 13
  2.30000E+04  2.35000E+04  1.26765E-03  2.9E-06 14
  2.40000E+04  2.45000E+04  1.61126E-03  3.3E-06 15
  2.50000E+04  2.55000E+04  1.96626E-03  3.7E-06 16
  2.60000E+04  2.65000E+04  2.33780E-03  4.1E-06 17
  2.70000E+04  2.75000E+04  2.71875E-03  4.5E-06 18
  2.80000E+04  2.85000E+04  3.23036E-03  5.1E-06 19
  2.90000E+04  2.95000E+04  3.62094E-03  5.4E-06 20
  3.00000E+04  3.05000E+04  3.86181E-03  5.6E-06 21
  3.10000E+04  3.15000E+04  1.24676E-02  1.1E-05 22
  3.20000E+04  3.25000E+04  1.98037E-02  1.4E-05 23
  3.30000E+04  3.35000E+04  4.21860E-03  5.9E-06 24
  3.40000E+04  3.45000E+04  4.32224E-03  6.0E-06 25
  3.50000E+04  3.55000E+04  4.41409E-03  6.1E-06 26
  3.60000E+04  3.65000E+04  9.62984E-03  9.5E-06 27
  3.70000E+04  3.75000E+04  4.94707E-03  6.4E-06 28
  3.80000E+04  3.85000E+04  3.03099E-03  4.2E-06 29
  3.90000E+04  3.95000E+04  3.02802E-03  4.2E-06 30
  4.00000E+04  4.05000E+04  3.02307E-03  4.2E-06 31
  4.10000E+04  4.15000E+04  2.99969E-03  4.3E-06 32
  4.20000E+04  4.25000E+04  2.97247E-03  4.3E-06 33
  4.30000E+04  4.35000E+04  2.93814E-03  4.3E-06 34
  4.40000E+04  4.45000E+04  2.90121E-03  4.3E-06 35
  4.50000E+04  4.55000E+04  2.86572E-03  4.3E-06 36
  4.60000E+04  4.65000E+04  2.82808E-03  4.3E-06 37
  4.70000E+04  4.75000E+04  2.78178E-03  4.3E-06 38
  4.80000E+04  4.85000E+04  2.73540E-03  4.3E-06 39
  4.90000E+04  4.95000E+04  2.69961E-03  4.3E-06 40
  5.00000E+04  5.05000E+04  2.64083E-03  4.3E-06 41
  5.10000E+04  5.15000E+04  2.58448E-03  4.3E-06 42
  5.20000E+04  5.25000E+04  2.51965E-03  4.3E-06 43
  5.30000E+04  5.35000E+04  2.45199E-03  4.3E-06 44
  5.40000E+04  5.45000E+04  2.38309E-03  4.2E-06 45
  5.50000E+04  5.55000E+04  2.31228E-03  4.2E-06 46
  5.60000E+04  5.65000E+04  2.24214E-03  4.2E-06 47
  5.70000E+04  5.75000E+04  2.16985E-03  4.1E-06 48
  5.80000E+04  5.85000E+04  2.09397E-03  4.1E-06 49
  5.90000E+04  5.95000E+04  2.76992E-03  4.7E-06 50
  6.00000E+04  6.05000E+04  3.28427E-03  5.1E-06 51
  6.10000E+04  6.15000E+04  1.84517E-03  3.9E-06 52
  6.20000E+04  6.25000E+04  1.76096E-03  3.8E-06 53
  6.30000E+04  6.35000E+04  1.66765E-03  3.7E-06 54
  6.40000E+04  6.45000E+04  1.58236E-03  3.6E-06 55
  6.50000E+04  6.55000E+04  1.49504E-03  3.5E-06 56
  6.60000E+04  6.65000E+04  1.40176E-03  3.4E-06 57
  6.70000E+04  6.75000E+04  1.31362E-03  3.3E-06 58
  6.80000E+04  6.85000E+04  1.74164E-03  3.9E-06 59
  6.90000E+04  6.95000E+04  1.13041E-03  3.1E-06 60
  7.00000E+04  7.05000E+04  1.15117E-03  3.2E-06 61
  7.10000E+04  7.15000E+04  9.20619E-04  2.8E-06 62
  7.20000E+04  7.25000E+04  8.34577E-04  2.7E-06 63
  7.30000E+04  7.35000E+04  7.42010E-04  2.6E-06 64
  7.40000E+04  7.45000E+04  6.54283E-04  2.4E-06 65
  7.50000E+04  7.55000E+04  5.61456E-04  2.2E-06 66
  7.60000E+04  7.65000E+04  4.70323E-04  2.1E-06 67
  7.70000E+04  7.75000E+04  3.76694E-04  1.8E-06 68
  7.80000E+04  7.85000E+04  2.83466E-04  1.6E-06 69
  7.90000E+04  7.95000E+04  1.87870E-04  1.3E-06 70
  8.00000E+04  8.05000E+04  9.37228E-05  9.3E-07 71
 
# Performance report
#   Random seeds:
#   1794715802
#   1857484422
#   No. of histories simulated [N]:
#            77892246.
#   CPU time [t] (s):
#    4.86656E+02
#   Speed (histories/s):
#    1.60056E+05
#   Average uncertainty (above 1/2 max score) in % [uncert]:
#    7.89824E-02
#   Intrinsic efficiency [N*uncert^2]^-1:
#    2.05800E-06
#   Absolute efficiency [t*uncert^2]^-1:
#    3.29395E-01
