#>>>>>>>>>>>>>>>>>>>>>>>>>>>>>>>>>>>>>>>>>>>>>>>>>>>>>>>>>>>>
# [SECTION REPORT FLUENCE SPECTRUM]
# PHOTONS                                                                       
#
# The spectral fluence is integrated over the detector volume, its units are cm^3/(cm^2*eV)=cm/eV.
#
# Detection material:
#  3
# Number of energy bins:
#  71
# Linear energy scale, bin width (eV):
#      Infinity
#
# For plotting purposes, two energies per bin are given, namely, the low end and the middle point of each bin.
#
# Elow(eV) : Emiddle(eV) : fluence(cm/eV) : +-2sigma : nbin
  1.00000E+04  1.05000E+04  5.28104E-04  1.1E-06 1
  1.10000E+04  1.15000E+04  2.13810E-05  2.3E-07 2
  1.20000E+04  1.25000E+04  2.45666E-04  8.1E-07 3
  1.30000E+04  1.35000E+04  6.04607E-04  1.3E-06 4
  1.40000E+04  1.45000E+04  6.71597E-06  1.3E-07 5
  1.50000E+04  1.55000E+04  1.47602E-04  6.4E-07 6
  1.60000E+04  1.65000E+04  2.83009E-05  2.1E-07 7
  1.70000E+04  1.75000E+04  6.12507E-05  2.9E-07 8
  1.80000E+04  1.85000E+04  1.36083E-04  4.2E-07 9
  1.90000E+04  1.95000E+04  2.56638E-04  5.8E-07 10
  2.00000E+04  2.05000E+04  4.26497E-04  7.5E-07 11
  2.10000E+04  2.15000E+04  6.31367E-04  9.1E-07 12
  2.20000E+04  2.25000E+04  8.65122E-04  1.1E-06 13
  2.30000E+04  2.35000E+04  1.12249E-03  1.2E-06 14
  2.40000E+04  2.45000E+04  1.39595E-03  1.4E-06 15
  2.50000E+04  2.55000E+04  1.65129E-03  1.5E-06 16
  2.60000E+04  2.65000E+04  3.30376E-03  2.5E-06 17
  2.70000E+04  2.75000E+04  2.11920E-03  1.7E-06 18
  2.80000E+04  2.85000E+04  2.33007E-03  1.7E-06 19
  2.90000E+04  2.95000E+04  2.84576E-03  2.0E-06 20
  3.00000E+04  3.05000E+04  2.74491E-03  1.9E-06 21
  3.10000E+04  3.15000E+04  2.77400E-03  1.9E-06 22
  3.20000E+04  3.25000E+04  2.86110E-03  1.9E-06 23
  3.30000E+04  3.35000E+04  2.92954E-03  2.0E-06 24
  3.40000E+04  3.45000E+04  2.98524E-03  2.0E-06 25
  3.50000E+04  3.55000E+04  3.02967E-03  2.0E-06 26
  3.60000E+04  3.65000E+04  3.06303E-03  2.0E-06 27
  3.70000E+04  3.75000E+04  3.08645E-03  2.1E-06 28
  3.80000E+04  3.85000E+04  3.09955E-03  2.1E-06 29
  3.90000E+04  3.95000E+04  3.10865E-03  2.1E-06 30
  4.00000E+04  4.05000E+04  3.11176E-03  2.1E-06 31
  4.10000E+04  4.15000E+04  3.09508E-03  2.1E-06 32
  4.20000E+04  4.25000E+04  3.06954E-03  2.2E-06 33
  4.30000E+04  4.35000E+04  3.04070E-03  2.2E-06 34
  4.40000E+04  4.45000E+04  3.00964E-03  2.2E-06 35
  4.50000E+04  4.55000E+04  2.97307E-03  2.2E-06 36
  4.60000E+04  4.65000E+04  2.93651E-03  2.2E-06 37
  4.70000E+04  4.75000E+04  2.89558E-03  2.2E-06 38
  4.80000E+04  4.85000E+04  2.85507E-03  2.2E-06 39
  4.90000E+04  4.95000E+04  2.81097E-03  2.2E-06 40
  5.00000E+04  5.05000E+04  2.75440E-03  2.2E-06 41
  5.10000E+04  5.15000E+04  2.69027E-03  2.2E-06 42
  5.20000E+04  5.25000E+04  2.62462E-03  2.2E-06 43
  5.30000E+04  5.35000E+04  2.55449E-03  2.2E-06 44
  5.40000E+04  5.45000E+04  2.48619E-03  2.1E-06 45
  5.50000E+04  5.55000E+04  2.41145E-03  2.1E-06 46
  5.60000E+04  5.65000E+04  2.33549E-03  2.1E-06 47
  5.70000E+04  5.75000E+04  2.36469E-03  2.1E-06 48
  5.80000E+04  5.85000E+04  2.17552E-03  2.0E-06 49
  5.90000E+04  5.95000E+04  3.07273E-03  2.4E-06 50
  6.00000E+04  6.05000E+04  3.40478E-03  2.6E-06 51
  6.10000E+04  6.15000E+04  1.91005E-03  1.9E-06 52
  6.20000E+04  6.25000E+04  1.82025E-03  1.9E-06 53
  6.30000E+04  6.35000E+04  1.72826E-03  1.9E-06 54
  6.40000E+04  6.45000E+04  1.63579E-03  1.8E-06 55
  6.50000E+04  6.55000E+04  1.54425E-03  1.8E-06 56
  6.60000E+04  6.65000E+04  1.47335E-03  1.7E-06 57
  6.70000E+04  6.75000E+04  1.40669E-03  1.7E-06 58
  6.80000E+04  6.85000E+04  1.79346E-03  1.9E-06 59
  6.90000E+04  6.95000E+04  1.15401E-03  1.5E-06 60
  7.00000E+04  7.05000E+04  1.11576E-03  1.5E-06 61
  7.10000E+04  7.15000E+04  8.91074E-04  1.3E-06 62
  7.20000E+04  7.25000E+04  8.07301E-04  1.3E-06 63
  7.30000E+04  7.35000E+04  7.21090E-04  1.2E-06 64
  7.40000E+04  7.45000E+04  6.33490E-04  1.1E-06 65
  7.50000E+04  7.55000E+04  5.44788E-04  1.1E-06 66
  7.60000E+04  7.65000E+04  4.56656E-04  9.7E-07 67
  7.70000E+04  7.75000E+04  3.66608E-04  8.7E-07 68
  7.80000E+04  7.85000E+04  2.74930E-04  7.6E-07 69
  7.90000E+04  7.95000E+04  1.84245E-04  6.2E-07 70
  8.00000E+04  8.05000E+04  9.19167E-05  4.4E-07 71
 
# Performance report
#   Random seeds:
#    791003031
#    885911974
#   No. of histories simulated [N]:
#           333036192.
#   CPU time [t] (s):
#    2.02411E+03
#   Speed (histories/s):
#    1.64535E+05
#   Average uncertainty (above 1/2 max score) in % [uncert]:
#    7.90732E-02
#   Intrinsic efficiency [N*uncert^2]^-1:
#    4.80231E-07
#   Absolute efficiency [t*uncert^2]^-1:
#    7.90147E-02
