#>>>>>>>>>>>>>>>>>>>>>>>>>>>>>>>>>>>>>>>>>>>>>>>>>>>>>>>>>>>>
# [SECTION REPORT FLUENCE SPECTRUM]
# PHOTONS                                                                       
#
# The spectral fluence is integrated over the detector volume, its units are cm^3/(cm^2*eV)=cm/eV.
#
# Detection material:
#  3
# Number of energy bins:
#  71
# Linear energy scale, bin width (eV):
#      Infinity
#
# For plotting purposes, two energies per bin are given, namely, the low end and the middle point of each bin.
#
# Elow(eV) : Emiddle(eV) : fluence(cm/eV) : +-2sigma : nbin
  1.00000E+04  1.05000E+04  4.26556E-10  3.3E-10 1
  1.10000E+04  1.15000E+04  8.63255E-10  4.6E-10 2
  1.20000E+04  1.25000E+04  3.63224E-09  9.9E-10 3
  1.30000E+04  1.35000E+04  2.79464E-08  2.7E-09 4
  1.40000E+04  1.45000E+04  1.09174E-06  1.2E-08 5
  1.50000E+04  1.55000E+04  6.35623E-06  2.9E-08 6
  1.60000E+04  1.65000E+04  2.30667E-05  5.6E-08 7
  1.70000E+04  1.75000E+04  6.19717E-05  9.1E-08 8
  1.80000E+04  1.85000E+04  1.37909E-04  1.4E-07 9
  1.90000E+04  1.95000E+04  2.61558E-04  1.9E-07 10
  2.00000E+04  2.05000E+04  4.40381E-04  2.4E-07 11
  2.10000E+04  2.15000E+04  6.69824E-04  3.0E-07 12
  2.20000E+04  2.25000E+04  1.02650E-03  4.0E-07 13
  2.30000E+04  2.35000E+04  1.56729E-03  5.1E-07 14
  2.40000E+04  2.45000E+04  1.81487E-03  5.3E-07 15
  2.50000E+04  2.55000E+04  2.56605E-02  2.5E-06 16
  2.60000E+04  2.65000E+04  2.19878E-03  5.8E-07 17
  2.70000E+04  2.75000E+04  2.49073E-03  6.2E-07 18
  2.80000E+04  2.85000E+04  7.84635E-03  1.3E-06 19
  2.90000E+04  2.95000E+04  3.68051E-03  8.0E-07 20
  3.00000E+04  3.05000E+04  2.62843E-03  5.7E-07 21
  3.10000E+04  3.15000E+04  2.73008E-03  5.8E-07 22
  3.20000E+04  3.25000E+04  2.80069E-03  5.8E-07 23
  3.30000E+04  3.35000E+04  2.85417E-03  5.9E-07 24
  3.40000E+04  3.45000E+04  2.88826E-03  5.9E-07 25
  3.50000E+04  3.55000E+04  2.90997E-03  6.0E-07 26
  3.60000E+04  3.65000E+04  2.91753E-03  6.0E-07 27
  3.70000E+04  3.75000E+04  2.91551E-03  6.0E-07 28
  3.80000E+04  3.85000E+04  2.90423E-03  6.0E-07 29
  3.90000E+04  3.95000E+04  2.88386E-03  6.0E-07 30
  4.00000E+04  4.05000E+04  2.86008E-03  6.0E-07 31
  4.10000E+04  4.15000E+04  2.81919E-03  6.0E-07 32
  4.20000E+04  4.25000E+04  2.77270E-03  5.9E-07 33
  4.30000E+04  4.35000E+04  2.72398E-03  5.9E-07 34
  4.40000E+04  4.45000E+04  2.67509E-03  5.9E-07 35
  4.50000E+04  4.55000E+04  2.62533E-03  5.9E-07 36
  4.60000E+04  4.65000E+04  2.57541E-03  5.9E-07 37
  4.70000E+04  4.75000E+04  2.52510E-03  5.9E-07 38
  4.80000E+04  4.85000E+04  2.47644E-03  5.9E-07 39
  4.90000E+04  4.95000E+04  2.42814E-03  5.8E-07 40
  5.00000E+04  5.05000E+04  2.37319E-03  5.8E-07 41
  5.10000E+04  5.15000E+04  2.31301E-03  5.8E-07 42
  5.20000E+04  5.25000E+04  2.25141E-03  5.8E-07 43
  5.30000E+04  5.35000E+04  2.18864E-03  5.7E-07 44
  5.40000E+04  5.45000E+04  2.12799E-03  5.7E-07 45
  5.50000E+04  5.55000E+04  2.06410E-03  5.6E-07 46
  5.60000E+04  5.65000E+04  2.00047E-03  5.6E-07 47
  5.70000E+04  5.75000E+04  1.93441E-03  5.5E-07 48
  5.80000E+04  5.85000E+04  1.86747E-03  5.5E-07 49
  5.90000E+04  5.95000E+04  2.47715E-03  6.3E-07 50
  6.00000E+04  6.05000E+04  2.93418E-03  6.9E-07 51
  6.10000E+04  6.15000E+04  1.64902E-03  5.2E-07 52
  6.20000E+04  6.25000E+04  1.57395E-03  5.2E-07 53
  6.30000E+04  6.35000E+04  1.49754E-03  5.1E-07 54
  6.40000E+04  6.45000E+04  1.42186E-03  5.0E-07 55
  6.50000E+04  6.55000E+04  1.34517E-03  4.9E-07 56
  6.60000E+04  6.65000E+04  1.26613E-03  4.7E-07 57
  6.70000E+04  6.75000E+04  1.18846E-03  4.6E-07 58
  6.80000E+04  6.85000E+04  1.57574E-03  5.3E-07 59
  6.90000E+04  6.95000E+04  1.02542E-03  4.3E-07 60
  7.00000E+04  7.05000E+04  1.04668E-03  4.4E-07 61
  7.10000E+04  7.15000E+04  8.37252E-04  3.9E-07 62
  7.20000E+04  7.25000E+04  7.60170E-04  3.8E-07 63
  7.30000E+04  7.35000E+04  6.80022E-04  3.6E-07 64
  7.40000E+04  7.45000E+04  5.98232E-04  3.4E-07 65
  7.50000E+04  7.55000E+04  5.15099E-04  3.1E-07 66
  7.60000E+04  7.65000E+04  4.31945E-04  2.9E-07 67
  7.70000E+04  7.75000E+04  3.47369E-04  2.6E-07 68
  7.80000E+04  7.85000E+04  2.61555E-04  2.3E-07 69
  7.90000E+04  7.95000E+04  1.74483E-04  1.9E-07 70
  8.00000E+04  8.05000E+04  8.75392E-05  1.3E-07 71
 
# Performance report
#   Random seeds:
#   1647889501
#     68838821
#   No. of histories simulated [N]:
#          3396166504.
#   CPU time [t] (s):
#    1.99945E+04
#   Speed (histories/s):
#    1.69855E+05
#   Average uncertainty (above 1/2 max score) in % [uncert]:
#    9.59340E-03
#   Intrinsic efficiency [N*uncert^2]^-1:
#    3.19938E-06
#   Absolute efficiency [t*uncert^2]^-1:
#    5.43432E-01
