#>>>>>>>>>>>>>>>>>>>>>>>>>>>>>>>>>>>>>>>>>>>>>>>>>>>>>>>>>>>>
# [SECTION REPORT FLUENCE SPECTRUM]
# PHOTONS                                                                       
#
# The spectral fluence is integrated over the detector volume, its units are cm^3/(cm^2*eV)=cm/eV.
#
# Detection material:
#  3
# Number of energy bins:
#  71
# Linear energy scale, bin width (eV):
#      Infinity
#
# For plotting purposes, two energies per bin are given, namely, the low end and the middle point of each bin.
#
# Elow(eV) : Emiddle(eV) : fluence(cm/eV) : +-2sigma : nbin
  1.00000E+04  1.05000E+04  6.37862E-04  1.8E-06 1
  1.10000E+04  1.15000E+04  1.48008E-05  2.7E-07 2
  1.20000E+04  1.25000E+04  3.31123E-04  1.3E-06 3
  1.30000E+04  1.35000E+04  8.10329E-04  2.1E-06 4
  1.40000E+04  1.45000E+04  8.12939E-06  2.0E-07 5
  1.50000E+04  1.55000E+04  1.78798E-04  9.9E-07 6
  1.60000E+04  1.65000E+04  2.90499E-05  3.1E-07 7
  1.70000E+04  1.75000E+04  6.16399E-05  4.1E-07 8
  1.80000E+04  1.85000E+04  1.36347E-04  6.1E-07 9
  1.90000E+04  1.95000E+04  2.57092E-04  8.3E-07 10
  2.00000E+04  2.05000E+04  4.28627E-04  1.1E-06 11
  2.10000E+04  2.15000E+04  6.35935E-04  1.3E-06 12
  2.20000E+04  2.25000E+04  8.85861E-04  1.6E-06 13
  2.30000E+04  2.35000E+04  1.17791E-03  1.8E-06 14
  2.40000E+04  2.45000E+04  1.44094E-03  2.0E-06 15
  2.50000E+04  2.55000E+04  4.76450E-03  4.6E-06 16
  2.60000E+04  2.65000E+04  1.95129E-03  2.3E-06 17
  2.70000E+04  2.75000E+04  2.20388E-03  2.5E-06 18
  2.80000E+04  2.85000E+04  3.15069E-03  3.3E-06 19
  2.90000E+04  2.95000E+04  2.73513E-03  2.8E-06 20
  3.00000E+04  3.05000E+04  2.73940E-03  2.7E-06 21
  3.10000E+04  3.15000E+04  2.87975E-03  2.8E-06 22
  3.20000E+04  3.25000E+04  2.99050E-03  2.9E-06 23
  3.30000E+04  3.35000E+04  3.08577E-03  3.0E-06 24
  3.40000E+04  3.45000E+04  3.16857E-03  3.0E-06 25
  3.50000E+04  3.55000E+04  3.23299E-03  3.1E-06 26
  3.60000E+04  3.65000E+04  3.29127E-03  3.2E-06 27
  3.70000E+04  3.75000E+04  3.33564E-03  3.2E-06 28
  3.80000E+04  3.85000E+04  3.37229E-03  3.3E-06 29
  3.90000E+04  3.95000E+04  3.39548E-03  3.3E-06 30
  4.00000E+04  4.05000E+04  3.41210E-03  3.4E-06 31
  4.10000E+04  4.15000E+04  3.40471E-03  3.4E-06 32
  4.20000E+04  4.25000E+04  3.38459E-03  3.4E-06 33
  4.30000E+04  4.35000E+04  3.35962E-03  3.4E-06 34
  4.40000E+04  4.45000E+04  3.32916E-03  3.4E-06 35
  4.50000E+04  4.55000E+04  3.29315E-03  3.5E-06 36
  4.60000E+04  4.65000E+04  3.25396E-03  3.5E-06 37
  4.70000E+04  4.75000E+04  3.20732E-03  3.5E-06 38
  4.80000E+04  4.85000E+04  3.15898E-03  3.5E-06 39
  4.90000E+04  4.95000E+04  3.10822E-03  3.4E-06 40
  5.00000E+04  5.05000E+04  3.04158E-03  3.4E-06 41
  5.10000E+04  5.15000E+04  2.96720E-03  3.4E-06 42
  5.20000E+04  5.25000E+04  2.88717E-03  3.4E-06 43
  5.30000E+04  5.35000E+04  2.80480E-03  3.3E-06 44
  5.40000E+04  5.45000E+04  2.72755E-03  3.3E-06 45
  5.50000E+04  5.55000E+04  2.63969E-03  3.3E-06 46
  5.60000E+04  5.65000E+04  2.54976E-03  3.2E-06 47
  5.70000E+04  5.75000E+04  2.45854E-03  3.2E-06 48
  5.80000E+04  5.85000E+04  2.36821E-03  3.1E-06 49
  5.90000E+04  5.95000E+04  3.11978E-03  3.6E-06 50
  6.00000E+04  6.05000E+04  3.67902E-03  3.9E-06 51
  6.10000E+04  6.15000E+04  2.06368E-03  2.9E-06 52
  6.20000E+04  6.25000E+04  1.96204E-03  2.9E-06 53
  6.30000E+04  6.35000E+04  1.85666E-03  2.8E-06 54
  6.40000E+04  6.45000E+04  1.75406E-03  2.7E-06 55
  6.50000E+04  6.55000E+04  1.65196E-03  2.7E-06 56
  6.60000E+04  6.65000E+04  1.54812E-03  2.6E-06 57
  6.70000E+04  6.75000E+04  1.44744E-03  2.5E-06 58
  6.80000E+04  6.85000E+04  1.90486E-03  2.9E-06 59
  6.90000E+04  6.95000E+04  1.23698E-03  2.3E-06 60
  7.00000E+04  7.05000E+04  1.25465E-03  2.3E-06 61
  7.10000E+04  7.15000E+04  9.98180E-04  2.1E-06 62
  7.20000E+04  7.25000E+04  9.02694E-04  2.0E-06 63
  7.30000E+04  7.35000E+04  8.04417E-04  1.9E-06 64
  7.40000E+04  7.45000E+04  7.04762E-04  1.8E-06 65
  7.50000E+04  7.55000E+04  6.03130E-04  1.6E-06 66
  7.60000E+04  7.65000E+04  5.04294E-04  1.5E-06 67
  7.70000E+04  7.75000E+04  4.03954E-04  1.3E-06 68
  7.80000E+04  7.85000E+04  3.01749E-04  1.2E-06 69
  7.90000E+04  7.95000E+04  2.01448E-04  9.5E-07 70
  8.00000E+04  8.05000E+04  1.01228E-04  6.8E-07 71
 
# Performance report
#   Random seeds:
#    448446632
#    214636738
#   No. of histories simulated [N]:
#           163598105.
#   CPU time [t] (s):
#    1.01549E+03
#   Speed (histories/s):
#    1.61102E+05
#   Average uncertainty (above 1/2 max score) in % [uncert]:
#    1.06653E-01
#   Intrinsic efficiency [N*uncert^2]^-1:
#    5.37370E-07
#   Absolute efficiency [t*uncert^2]^-1:
#    8.65716E-02
