#>>>>>>>>>>>>>>>>>>>>>>>>>>>>>>>>>>>>>>>>>>>>>>>>>>>>>>>>>>>>
# [SECTION REPORT FLUENCE SPECTRUM]
# PHOTONS                                                                       
#
# The spectral fluence is integrated over the detector volume, its units are cm^3/(cm^2*eV)=cm/eV.
#
# Detection material:
#  3
# Number of energy bins:
#  71
# Linear energy scale, bin width (eV):
#      Infinity
#
# For plotting purposes, two energies per bin are given, namely, the low end and the middle point of each bin.
#
# Elow(eV) : Emiddle(eV) : fluence(cm/eV) : +-2sigma : nbin
  1.00000E+04  1.05000E+04  5.03899E-04  1.5E-06 1
  1.10000E+04  1.15000E+04  1.10812E-05  2.3E-07 2
  1.20000E+04  1.25000E+04  2.45335E-04  1.1E-06 3
  1.30000E+04  1.35000E+04  5.86477E-04  1.7E-06 4
  1.40000E+04  1.45000E+04  4.38596E-06  1.5E-07 5
  1.50000E+04  1.55000E+04  1.13432E-04  7.5E-07 6
  1.60000E+04  1.65000E+04  4.53400E-06  1.5E-07 7
  1.70000E+04  1.75000E+04  4.71644E-08  1.6E-08 8
  1.80000E+04  1.85000E+04  1.24119E-06  6.4E-08 9
  1.90000E+04  1.95000E+04  2.58237E-06  9.5E-08 10
  2.00000E+04  2.05000E+04  9.04654E-06  1.8E-07 11
  2.10000E+04  2.15000E+04  1.99911E-05  2.7E-07 12
  2.20000E+04  2.25000E+04  4.25434E-05  4.0E-07 13
  2.30000E+04  2.35000E+04  8.04355E-05  5.6E-07 14
  2.40000E+04  2.45000E+04  1.35756E-04  7.3E-07 15
  2.50000E+04  2.55000E+04  2.15608E-04  9.3E-07 16
  2.60000E+04  2.65000E+04  3.20142E-04  1.1E-06 17
  2.70000E+04  2.75000E+04  4.50517E-04  1.4E-06 18
  2.80000E+04  2.85000E+04  6.06447E-04  1.6E-06 19
  2.90000E+04  2.95000E+04  7.84579E-04  1.8E-06 20
  3.00000E+04  3.05000E+04  9.79823E-04  2.1E-06 21
  3.10000E+04  3.15000E+04  1.18328E-03  2.3E-06 22
  3.20000E+04  3.25000E+04  1.38864E-03  2.5E-06 23
  3.30000E+04  3.35000E+04  1.59813E-03  2.7E-06 24
  3.40000E+04  3.45000E+04  1.80846E-03  2.8E-06 25
  3.50000E+04  3.55000E+04  2.00937E-03  3.0E-06 26
  3.60000E+04  3.65000E+04  2.20545E-03  3.2E-06 27
  3.70000E+04  3.75000E+04  2.38967E-03  3.3E-06 28
  3.80000E+04  3.85000E+04  2.55969E-03  3.4E-06 29
  3.90000E+04  3.95000E+04  2.71932E-03  3.5E-06 30
  4.00000E+04  4.05000E+04  2.85817E-03  3.6E-06 31
  4.10000E+04  4.15000E+04  2.97280E-03  3.7E-06 32
  4.20000E+04  4.25000E+04  3.08068E-03  3.8E-06 33
  4.30000E+04  4.35000E+04  3.16288E-03  3.8E-06 34
  4.40000E+04  4.45000E+04  3.23326E-03  3.9E-06 35
  4.50000E+04  4.55000E+04  3.29800E-03  3.9E-06 36
  4.60000E+04  4.65000E+04  3.34728E-03  4.0E-06 37
  4.70000E+04  4.75000E+04  3.39016E-03  4.0E-06 38
  4.80000E+04  4.85000E+04  3.44167E-03  4.0E-06 39
  4.90000E+04  4.95000E+04  3.49014E-03  4.1E-06 40
  5.00000E+04  5.05000E+04  3.49183E-03  4.1E-06 41
  5.10000E+04  5.15000E+04  3.47611E-03  4.0E-06 42
  5.20000E+04  5.25000E+04  3.44685E-03  4.0E-06 43
  5.30000E+04  5.35000E+04  3.42325E-03  4.0E-06 44
  5.40000E+04  5.45000E+04  3.40338E-03  4.0E-06 45
  5.50000E+04  5.55000E+04  3.37002E-03  4.0E-06 46
  5.60000E+04  5.65000E+04  3.33253E-03  4.0E-06 47
  5.70000E+04  5.75000E+04  3.29214E-03  3.9E-06 48
  5.80000E+04  5.85000E+04  3.24754E-03  3.9E-06 49
  5.90000E+04  5.95000E+04  8.60691E-03  6.3E-06 50
  6.00000E+04  6.05000E+04  1.28610E-02  7.6E-06 51
  6.10000E+04  6.15000E+04  3.06102E-03  3.8E-06 52
  6.20000E+04  6.25000E+04  3.00647E-03  3.8E-06 53
  6.30000E+04  6.35000E+04  2.95642E-03  3.8E-06 54
  6.40000E+04  6.45000E+04  2.90114E-03  3.7E-06 55
  6.50000E+04  6.55000E+04  2.84200E-03  3.7E-06 56
  6.60000E+04  6.65000E+04  2.78743E-03  3.7E-06 57
  6.70000E+04  6.75000E+04  2.72458E-03  3.6E-06 58
  6.80000E+04  6.85000E+04  6.50702E-03  5.5E-06 59
  6.90000E+04  6.95000E+04  2.60067E-03  3.5E-06 60
  7.00000E+04  7.05000E+04  3.02052E-03  3.8E-06 61
  7.10000E+04  7.15000E+04  1.91963E-03  3.0E-06 62
  7.20000E+04  7.25000E+04  1.89709E-03  3.0E-06 63
  7.30000E+04  7.35000E+04  1.87423E-03  3.0E-06 64
  7.40000E+04  7.45000E+04  2.21649E-03  3.3E-06 65
  7.50000E+04  7.55000E+04  1.82057E-03  3.0E-06 66
  7.60000E+04  7.65000E+04  1.79443E-03  2.9E-06 67
  7.70000E+04  7.75000E+04  2.37814E-03  3.4E-06 68
  7.80000E+04  7.85000E+04  1.73061E-03  2.9E-06 69
  7.90000E+04  7.95000E+04  1.69882E-03  2.9E-06 70
  8.00000E+04  8.05000E+04  1.66816E-03  2.8E-06 71
 
# Performance report
#   Random seeds:
#    790217349
#    605336697
#   No. of histories simulated [N]:
#           160537443.
#   CPU time [t] (s):
#    1.03492E+03
#   Speed (histories/s):
#    1.55121E+05
#   Average uncertainty (above 1/2 max score) in % [uncert]:
#    7.32154E-02
#   Intrinsic efficiency [N*uncert^2]^-1:
#    1.16203E-06
#   Absolute efficiency [t*uncert^2]^-1:
#    1.80256E-01
