#>>>>>>>>>>>>>>>>>>>>>>>>>>>>>>>>>>>>>>>>>>>>>>>>>>>>>>>>>>>>
# [SECTION REPORT FLUENCE SPECTRUM]
# PHOTONS                                                                       
#
# The spectral fluence is integrated over the detector volume, its units are cm^3/(cm^2*eV)=cm/eV.
#
# Detection material:
#  3
# Number of energy bins:
#  71
# Linear energy scale, bin width (eV):
#      Infinity
#
# For plotting purposes, two energies per bin are given, namely, the low end and the middle point of each bin.
#
# Elow(eV) : Emiddle(eV) : fluence(cm/eV) : +-2sigma : nbin
  1.00000E+04  1.05000E+04  4.94810E-10  5.8E-10 1
  1.10000E+04  1.15000E+04  9.34575E-10  1.1E-09 2
  1.20000E+04  1.25000E+04  1.56475E-09  1.5E-09 3
  1.30000E+04  1.35000E+04  1.95810E-09  1.7E-09 4
  1.40000E+04  1.45000E+04  6.48187E-09  3.1E-09 5
  1.50000E+04  1.55000E+04  1.40807E-08  4.5E-09 6
  1.60000E+04  1.65000E+04  4.04381E-08  7.8E-09 7
  1.70000E+04  1.75000E+04  1.03308E-07  1.2E-08 8
  1.80000E+04  1.85000E+04  1.28079E-06  3.4E-08 9
  1.90000E+04  1.95000E+04  2.92658E-06  5.3E-08 10
  2.00000E+04  2.05000E+04  1.00446E-05  9.8E-08 11
  2.10000E+04  2.15000E+04  2.65821E-05  1.7E-07 12
  2.20000E+04  2.25000E+04  8.99344E-05  3.4E-07 13
  2.30000E+04  2.35000E+04  2.61207E-04  5.9E-07 14
  2.40000E+04  2.45000E+04  3.55377E-04  6.5E-07 15
  2.50000E+04  2.55000E+04  8.83423E-03  3.5E-06 16
  2.60000E+04  2.65000E+04  7.58441E-03  3.2E-06 17
  2.70000E+04  2.75000E+04  4.43187E-04  6.7E-07 18
  2.80000E+04  2.85000E+04  2.47510E-03  1.8E-06 19
  2.90000E+04  2.95000E+04  1.93590E-03  1.6E-06 20
  3.00000E+04  3.05000E+04  9.25025E-04  9.4E-07 21
  3.10000E+04  3.15000E+04  2.76631E-03  1.9E-06 22
  3.20000E+04  3.25000E+04  4.58413E-03  2.4E-06 23
  3.30000E+04  3.35000E+04  1.07548E-03  9.2E-07 24
  3.40000E+04  3.45000E+04  1.21299E-03  9.8E-07 25
  3.50000E+04  3.55000E+04  1.35176E-03  1.0E-06 26
  3.60000E+04  3.65000E+04  2.81342E-03  1.8E-06 27
  3.70000E+04  3.75000E+04  1.86661E-03  1.3E-06 28
  3.80000E+04  3.85000E+04  1.57353E-03  1.1E-06 29
  3.90000E+04  3.95000E+04  1.67140E-03  1.1E-06 30
  4.00000E+04  4.05000E+04  1.76477E-03  1.2E-06 31
  4.10000E+04  4.15000E+04  1.84505E-03  1.2E-06 32
  4.20000E+04  4.25000E+04  1.91841E-03  1.2E-06 33
  4.30000E+04  4.35000E+04  1.98617E-03  1.3E-06 34
  4.40000E+04  4.45000E+04  2.04605E-03  1.3E-06 35
  4.50000E+04  4.55000E+04  2.10129E-03  1.3E-06 36
  4.60000E+04  4.65000E+04  2.15471E-03  1.3E-06 37
  4.70000E+04  4.75000E+04  2.20297E-03  1.4E-06 38
  4.80000E+04  4.85000E+04  2.26291E-03  1.4E-06 39
  4.90000E+04  4.95000E+04  2.31987E-03  1.4E-06 40
  5.00000E+04  5.05000E+04  2.34576E-03  1.5E-06 41
  5.10000E+04  5.15000E+04  2.35680E-03  1.5E-06 42
  5.20000E+04  5.25000E+04  2.36478E-03  1.5E-06 43
  5.30000E+04  5.35000E+04  2.37279E-03  1.5E-06 44
  5.40000E+04  5.45000E+04  2.38385E-03  1.5E-06 45
  5.50000E+04  5.55000E+04  2.38708E-03  1.5E-06 46
  5.60000E+04  5.65000E+04  2.38485E-03  1.5E-06 47
  5.70000E+04  5.75000E+04  2.38126E-03  1.5E-06 48
  5.80000E+04  5.85000E+04  2.37561E-03  1.5E-06 49
  5.90000E+04  5.95000E+04  6.31113E-03  2.5E-06 50
  6.00000E+04  6.05000E+04  9.51900E-03  3.0E-06 51
  6.10000E+04  6.15000E+04  2.29791E-03  1.5E-06 52
  6.20000E+04  6.25000E+04  2.27756E-03  1.5E-06 53
  6.30000E+04  6.35000E+04  2.25505E-03  1.5E-06 54
  6.40000E+04  6.45000E+04  2.23173E-03  1.5E-06 55
  6.50000E+04  6.55000E+04  2.20448E-03  1.5E-06 56
  6.60000E+04  6.65000E+04  2.18139E-03  1.5E-06 57
  6.70000E+04  6.75000E+04  2.15231E-03  1.5E-06 58
  6.80000E+04  6.85000E+04  5.15583E-03  2.3E-06 59
  6.90000E+04  6.95000E+04  2.08212E-03  1.5E-06 60
  7.00000E+04  7.05000E+04  2.43181E-03  1.6E-06 61
  7.10000E+04  7.15000E+04  1.56095E-03  1.3E-06 62
  7.20000E+04  7.25000E+04  1.55193E-03  1.3E-06 63
  7.30000E+04  7.35000E+04  1.54193E-03  1.3E-06 64
  7.40000E+04  7.45000E+04  1.53061E-03  1.3E-06 65
  7.50000E+04  7.55000E+04  1.51712E-03  1.3E-06 66
  7.60000E+04  7.65000E+04  1.50153E-03  1.3E-06 67
  7.70000E+04  7.75000E+04  1.48580E-03  1.3E-06 68
  7.80000E+04  7.85000E+04  1.46723E-03  1.3E-06 69
  7.90000E+04  7.95000E+04  1.44648E-03  1.3E-06 70
  8.00000E+04  8.05000E+04  1.42578E-03  1.3E-06 71
 
# Performance report
#   Random seeds:
#   2094285639
#    758398521
#   No. of histories simulated [N]:
#           614211509.
#   CPU time [t] (s):
#    4.03463E+03
#   Speed (histories/s):
#    1.52235E+05
#   Average uncertainty (above 1/2 max score) in % [uncert]:
#    3.98255E-02
#   Intrinsic efficiency [N*uncert^2]^-1:
#    1.02650E-06
#   Absolute efficiency [t*uncert^2]^-1:
#    1.56269E-01
