#>>>>>>>>>>>>>>>>>>>>>>>>>>>>>>>>>>>>>>>>>>>>>>>>>>>>>>>>>>>>
# [SECTION REPORT FLUENCE SPECTRUM]
# PHOTONS                                                                       
#
# The spectral fluence is integrated over the detector volume, its units are cm^3/(cm^2*eV)=cm/eV.
#
# Detection material:
#  3
# Number of energy bins:
#  71
# Linear energy scale, bin width (eV):
#      Infinity
#
# For plotting purposes, two energies per bin are given, namely, the low end and the middle point of each bin.
#
# Elow(eV) : Emiddle(eV) : fluence(cm/eV) : +-2sigma : nbin
  1.00000E+04  1.05000E+04  5.37038E-10  7.6E-10 1
  1.10000E+04  1.15000E+04  4.70315E-10  5.5E-10 2
  1.20000E+04  1.25000E+04  1.24500E-09  1.3E-09 3
  1.30000E+04  1.35000E+04  1.40804E-09  1.3E-09 4
  1.40000E+04  1.45000E+04  5.59847E-09  2.7E-09 5
  1.50000E+04  1.55000E+04  1.20274E-08  4.1E-09 6
  1.60000E+04  1.65000E+04  3.43670E-08  7.1E-09 7
  1.70000E+04  1.75000E+04  1.06318E-07  1.2E-08 8
  1.80000E+04  1.85000E+04  1.57219E-06  4.1E-08 9
  1.90000E+04  1.95000E+04  3.55573E-06  6.3E-08 10
  2.00000E+04  2.05000E+04  1.23962E-05  1.2E-07 11
  2.10000E+04  2.15000E+04  3.08198E-05  1.9E-07 12
  2.20000E+04  2.25000E+04  9.32200E-05  3.5E-07 13
  2.30000E+04  2.35000E+04  2.42555E-04  5.7E-07 14
  2.40000E+04  2.45000E+04  3.22005E-04  6.3E-07 15
  2.50000E+04  2.55000E+04  7.30990E-03  3.1E-06 16
  2.60000E+04  2.65000E+04  4.39061E-03  2.4E-06 17
  2.70000E+04  2.75000E+04  5.55283E-04  8.2E-07 18
  2.80000E+04  2.85000E+04  2.11881E-03  1.6E-06 19
  2.90000E+04  2.95000E+04  1.68956E-03  1.4E-06 20
  3.00000E+04  3.05000E+04  1.09061E-03  1.1E-06 21
  3.10000E+04  3.15000E+04  2.90490E-03  1.9E-06 22
  3.20000E+04  3.25000E+04  4.62223E-03  2.4E-06 23
  3.30000E+04  3.35000E+04  1.48317E-03  1.3E-06 24
  3.40000E+04  3.45000E+04  1.67876E-03  1.4E-06 25
  3.50000E+04  3.55000E+04  1.87293E-03  1.4E-06 26
  3.60000E+04  3.65000E+04  3.15256E-03  1.9E-06 27
  3.70000E+04  3.75000E+04  2.37531E-03  1.6E-06 28
  3.80000E+04  3.85000E+04  2.16161E-03  1.5E-06 29
  3.90000E+04  3.95000E+04  2.31048E-03  1.6E-06 30
  4.00000E+04  4.05000E+04  2.44888E-03  1.6E-06 31
  4.10000E+04  4.15000E+04  2.56761E-03  1.7E-06 32
  4.20000E+04  4.25000E+04  2.67123E-03  1.7E-06 33
  4.30000E+04  4.35000E+04  2.76412E-03  1.8E-06 34
  4.40000E+04  4.45000E+04  2.84377E-03  1.8E-06 35
  4.50000E+04  4.55000E+04  2.91234E-03  1.8E-06 36
  4.60000E+04  4.65000E+04  2.97395E-03  1.8E-06 37
  4.70000E+04  4.75000E+04  3.02949E-03  1.9E-06 38
  4.80000E+04  4.85000E+04  3.09489E-03  1.9E-06 39
  4.90000E+04  4.95000E+04  3.15237E-03  1.9E-06 40
  5.00000E+04  5.05000E+04  3.16973E-03  1.9E-06 41
  5.10000E+04  5.15000E+04  3.16194E-03  1.9E-06 42
  5.20000E+04  5.25000E+04  3.15305E-03  1.9E-06 43
  5.30000E+04  5.35000E+04  3.14328E-03  1.9E-06 44
  5.40000E+04  5.45000E+04  3.13345E-03  1.9E-06 45
  5.50000E+04  5.55000E+04  3.11583E-03  1.9E-06 46
  5.60000E+04  5.65000E+04  3.09229E-03  1.9E-06 47
  5.70000E+04  5.75000E+04  3.06227E-03  1.9E-06 48
  5.80000E+04  5.85000E+04  3.03305E-03  1.9E-06 49
  5.90000E+04  5.95000E+04  8.05181E-03  3.1E-06 50
  6.00000E+04  6.05000E+04  1.20719E-02  3.7E-06 51
  6.10000E+04  6.15000E+04  2.88091E-03  1.9E-06 52
  6.20000E+04  6.25000E+04  2.83664E-03  1.9E-06 53
  6.30000E+04  6.35000E+04  2.79057E-03  1.8E-06 54
  6.40000E+04  6.45000E+04  2.74509E-03  1.8E-06 55
  6.50000E+04  6.55000E+04  2.69723E-03  1.8E-06 56
  6.60000E+04  6.65000E+04  2.64950E-03  1.8E-06 57
  6.70000E+04  6.75000E+04  2.59785E-03  1.8E-06 58
  6.80000E+04  6.85000E+04  6.21323E-03  2.7E-06 59
  6.90000E+04  6.95000E+04  2.48838E-03  1.7E-06 60
  7.00000E+04  7.05000E+04  2.89102E-03  1.9E-06 61
  7.10000E+04  7.15000E+04  1.84091E-03  1.5E-06 62
  7.20000E+04  7.25000E+04  1.82300E-03  1.5E-06 63
  7.30000E+04  7.35000E+04  1.80357E-03  1.5E-06 64
  7.40000E+04  7.45000E+04  1.78138E-03  1.5E-06 65
  7.50000E+04  7.55000E+04  1.75746E-03  1.5E-06 66
  7.60000E+04  7.65000E+04  1.73245E-03  1.5E-06 67
  7.70000E+04  7.75000E+04  1.70613E-03  1.5E-06 68
  7.80000E+04  7.85000E+04  1.67970E-03  1.4E-06 69
  7.90000E+04  7.95000E+04  1.64961E-03  1.4E-06 70
  8.00000E+04  8.05000E+04  1.61900E-03  1.4E-06 71
 
# Performance report
#   Random seeds:
#   1375673801
#   1462994540
#   No. of histories simulated [N]:
#           613856178.
#   CPU time [t] (s):
#    4.00248E+03
#   Speed (histories/s):
#    1.53369E+05
#   Average uncertainty (above 1/2 max score) in % [uncert]:
#    3.89522E-02
#   Intrinsic efficiency [N*uncert^2]^-1:
#    1.07367E-06
#   Absolute efficiency [t*uncert^2]^-1:
#    1.64667E-01
