#>>>>>>>>>>>>>>>>>>>>>>>>>>>>>>>>>>>>>>>>>>>>>>>>>>>>>>>>>>>>
# [SECTION REPORT FLUENCE SPECTRUM]
# PHOTONS                                                                       
#
# The spectral fluence is integrated over the detector volume, its units are cm^3/(cm^2*eV)=cm/eV.
#
# Detection material:
#  3
# Number of energy bins:
#  71
# Linear energy scale, bin width (eV):
#      Infinity
#
# For plotting purposes, two energies per bin are given, namely, the low end and the middle point of each bin.
#
# Elow(eV) : Emiddle(eV) : fluence(cm/eV) : +-2sigma : nbin
  1.00000E+04  1.05000E+04  9.22667E-04  2.0E-06 1
  1.10000E+04  1.15000E+04  2.12249E-05  3.2E-07 2
  1.20000E+04  1.25000E+04  4.62980E-04  1.5E-06 3
  1.30000E+04  1.35000E+04  1.12998E-03  2.3E-06 4
  1.40000E+04  1.45000E+04  9.34037E-06  2.1E-07 5
  1.50000E+04  1.55000E+04  2.13635E-04  1.0E-06 6
  1.60000E+04  1.65000E+04  3.06457E-05  3.2E-07 7
  1.70000E+04  1.75000E+04  6.23070E-05  4.2E-07 8
  1.80000E+04  1.85000E+04  1.39747E-04  6.3E-07 9
  1.90000E+04  1.95000E+04  2.67370E-04  8.7E-07 10
  2.00000E+04  2.05000E+04  4.52351E-04  1.1E-06 11
  2.10000E+04  2.15000E+04  6.82818E-04  1.4E-06 12
  2.20000E+04  2.25000E+04  9.58861E-04  1.7E-06 13
  2.30000E+04  2.35000E+04  1.26902E-03  2.0E-06 14
  2.40000E+04  2.45000E+04  1.60606E-03  2.3E-06 15
  2.50000E+04  2.55000E+04  1.95788E-03  2.6E-06 16
  2.60000E+04  2.65000E+04  2.31347E-03  2.8E-06 17
  2.70000E+04  2.75000E+04  2.66230E-03  3.1E-06 18
  2.80000E+04  2.85000E+04  2.99830E-03  3.3E-06 19
  2.90000E+04  2.95000E+04  3.30799E-03  3.5E-06 20
  3.00000E+04  3.05000E+04  3.59533E-03  3.7E-06 21
  3.10000E+04  3.15000E+04  3.81696E-03  3.8E-06 22
  3.20000E+04  3.25000E+04  3.99395E-03  3.9E-06 23
  3.30000E+04  3.35000E+04  4.14610E-03  4.0E-06 24
  3.40000E+04  3.45000E+04  4.26911E-03  4.1E-06 25
  3.50000E+04  3.55000E+04  4.36813E-03  4.2E-06 26
  3.60000E+04  3.65000E+04  4.44299E-03  4.3E-06 27
  3.70000E+04  3.75000E+04  4.49120E-03  4.3E-06 28
  3.80000E+04  3.85000E+04  4.52446E-03  4.3E-06 29
  3.90000E+04  3.95000E+04  4.53372E-03  4.4E-06 30
  4.00000E+04  4.05000E+04  4.52921E-03  4.4E-06 31
  4.10000E+04  4.15000E+04  4.49304E-03  4.4E-06 32
  4.20000E+04  4.25000E+04  4.43628E-03  4.4E-06 33
  4.30000E+04  4.35000E+04  4.36773E-03  4.3E-06 34
  4.40000E+04  4.45000E+04  4.29877E-03  4.3E-06 35
  4.50000E+04  4.55000E+04  4.21648E-03  4.3E-06 36
  4.60000E+04  4.65000E+04  4.13161E-03  4.3E-06 37
  4.70000E+04  4.75000E+04  4.03815E-03  4.2E-06 38
  4.80000E+04  4.85000E+04  3.95144E-03  4.2E-06 39
  4.90000E+04  4.95000E+04  3.85349E-03  4.1E-06 40
  5.00000E+04  5.05000E+04  3.74529E-03  4.1E-06 41
  5.10000E+04  5.15000E+04  3.63068E-03  4.0E-06 42
  5.20000E+04  5.25000E+04  3.50798E-03  4.0E-06 43
  5.30000E+04  5.35000E+04  3.38857E-03  3.9E-06 44
  5.40000E+04  5.45000E+04  3.26691E-03  3.8E-06 45
  5.50000E+04  5.55000E+04  3.13890E-03  3.8E-06 46
  5.60000E+04  5.65000E+04  3.01888E-03  3.7E-06 47
  5.70000E+04  5.75000E+04  2.89483E-03  3.6E-06 48
  5.80000E+04  5.85000E+04  2.76902E-03  3.6E-06 49
  5.90000E+04  5.95000E+04  3.64487E-03  4.1E-06 50
  6.00000E+04  6.05000E+04  4.27878E-03  4.4E-06 51
  6.10000E+04  6.15000E+04  2.38264E-03  3.3E-06 52
  6.20000E+04  6.25000E+04  2.25087E-03  3.2E-06 53
  6.30000E+04  6.35000E+04  2.12325E-03  3.1E-06 54
  6.40000E+04  6.45000E+04  1.99946E-03  3.0E-06 55
  6.50000E+04  6.55000E+04  1.87767E-03  2.9E-06 56
  6.60000E+04  6.65000E+04  1.75158E-03  2.9E-06 57
  6.70000E+04  6.75000E+04  1.62660E-03  2.7E-06 58
  6.80000E+04  6.85000E+04  2.13960E-03  3.2E-06 59
  6.90000E+04  6.95000E+04  1.38251E-03  2.5E-06 60
  7.00000E+04  7.05000E+04  1.40184E-03  2.6E-06 61
  7.10000E+04  7.15000E+04  1.11101E-03  2.3E-06 62
  7.20000E+04  7.25000E+04  1.00125E-03  2.2E-06 63
  7.30000E+04  7.35000E+04  8.87085E-04  2.0E-06 64
  7.40000E+04  7.45000E+04  7.76614E-04  1.9E-06 65
  7.50000E+04  7.55000E+04  6.62566E-04  1.8E-06 66
  7.60000E+04  7.65000E+04  5.52974E-04  1.6E-06 67
  7.70000E+04  7.75000E+04  4.40603E-04  1.4E-06 68
  7.80000E+04  7.85000E+04  3.29760E-04  1.2E-06 69
  7.90000E+04  7.95000E+04  2.18947E-04  1.0E-06 70
  8.00000E+04  8.05000E+04  1.09498E-04  7.2E-07 71
 
# Performance report
#   Random seeds:
#    381299128
#    815311391
#   No. of histories simulated [N]:
#           163946789.
#   CPU time [t] (s):
#    1.02194E+03
#   Speed (histories/s):
#    1.60427E+05
#   Average uncertainty (above 1/2 max score) in % [uncert]:
#    1.07789E-01
#   Intrinsic efficiency [N*uncert^2]^-1:
#    5.24985E-07
#   Absolute efficiency [t*uncert^2]^-1:
#    8.42216E-02
