#>>>>>>>>>>>>>>>>>>>>>>>>>>>>>>>>>>>>>>>>>>>>>>>>>>>>>>>>>>>>
# [SECTION REPORT FLUENCE SPECTRUM]
# PHOTONS                                                                       
#
# The spectral fluence is integrated over the detector volume, its units are cm^3/(cm^2*eV)=cm/eV.
#
# Detection material:
#  3
# Number of energy bins:
#  71
# Linear energy scale, bin width (eV):
#      Infinity
#
# For plotting purposes, two energies per bin are given, namely, the low end and the middle point of each bin.
#
# Elow(eV) : Emiddle(eV) : fluence(cm/eV) : +-2sigma : nbin
  1.00000E+04  1.05000E+04  1.93077E-09  3.9E-09 1
  1.10000E+04  1.15000E+04  0.00000E+00  0.0E+00 2
  1.20000E+04  1.25000E+04  0.00000E+00  0.0E+00 3
  1.30000E+04  1.35000E+04  0.00000E+00  0.0E+00 4
  1.40000E+04  1.45000E+04  1.08925E-08  1.1E-08 5
  1.50000E+04  1.55000E+04  9.46419E-09  9.4E-09 6
  1.60000E+04  1.65000E+04  3.64960E-08  2.0E-08 7
  1.70000E+04  1.75000E+04  1.23512E-07  3.7E-08 8
  1.80000E+04  1.85000E+04  1.34336E-06  1.0E-07 9
  1.90000E+04  1.95000E+04  2.81190E-06  1.5E-07 10
  2.00000E+04  2.05000E+04  1.00129E-05  2.9E-07 11
  2.10000E+04  2.15000E+04  2.53027E-05  4.7E-07 12
  2.20000E+04  2.25000E+04  6.38428E-05  7.8E-07 13
  2.30000E+04  2.35000E+04  2.28080E-04  1.6E-06 14
  2.40000E+04  2.45000E+04  4.96358E-04  2.3E-06 15
  2.50000E+04  2.55000E+04  5.20893E-04  2.2E-06 16
  2.60000E+04  2.65000E+04  2.22562E-02  1.5E-05 17
  2.70000E+04  2.75000E+04  5.11760E-04  2.2E-06 18
  2.80000E+04  2.85000E+04  6.45547E-04  2.4E-06 19
  2.90000E+04  2.95000E+04  5.40264E-03  7.7E-06 20
  3.00000E+04  3.05000E+04  1.80818E-03  4.2E-06 21
  3.10000E+04  3.15000E+04  7.74230E-04  2.2E-06 22
  3.20000E+04  3.25000E+04  9.02354E-04  2.4E-06 23
  3.30000E+04  3.35000E+04  1.03568E-03  2.5E-06 24
  3.40000E+04  3.45000E+04  1.16525E-03  2.7E-06 25
  3.50000E+04  3.55000E+04  1.29628E-03  2.9E-06 26
  3.60000E+04  3.65000E+04  1.42380E-03  3.0E-06 27
  3.70000E+04  3.75000E+04  1.55051E-03  3.2E-06 28
  3.80000E+04  3.85000E+04  1.66892E-03  3.4E-06 29
  3.90000E+04  3.95000E+04  1.78205E-03  3.5E-06 30
  4.00000E+04  4.05000E+04  1.89274E-03  3.6E-06 31
  4.10000E+04  4.15000E+04  1.98379E-03  3.8E-06 32
  4.20000E+04  4.25000E+04  2.07163E-03  3.9E-06 33
  4.30000E+04  4.35000E+04  2.15294E-03  4.0E-06 34
  4.40000E+04  4.45000E+04  2.22357E-03  4.1E-06 35
  4.50000E+04  4.55000E+04  2.29006E-03  4.2E-06 36
  4.60000E+04  4.65000E+04  2.35295E-03  4.3E-06 37
  4.70000E+04  4.75000E+04  2.40522E-03  4.4E-06 38
  4.80000E+04  4.85000E+04  2.47169E-03  4.5E-06 39
  4.90000E+04  4.95000E+04  2.54017E-03  4.6E-06 40
  5.00000E+04  5.05000E+04  2.56688E-03  4.6E-06 41
  5.10000E+04  5.15000E+04  2.57827E-03  4.7E-06 42
  5.20000E+04  5.25000E+04  2.58136E-03  4.7E-06 43
  5.30000E+04  5.35000E+04  2.58889E-03  4.7E-06 44
  5.40000E+04  5.45000E+04  2.60187E-03  4.7E-06 45
  5.50000E+04  5.55000E+04  2.60454E-03  4.8E-06 46
  5.60000E+04  5.65000E+04  2.59794E-03  4.8E-06 47
  5.70000E+04  5.75000E+04  2.58568E-03  4.8E-06 48
  5.80000E+04  5.85000E+04  2.57650E-03  4.8E-06 49
  5.90000E+04  5.95000E+04  6.83999E-03  7.7E-06 50
  6.00000E+04  6.05000E+04  1.03000E-02  9.4E-06 51
  6.10000E+04  6.15000E+04  2.48104E-03  4.8E-06 52
  6.20000E+04  6.25000E+04  2.45335E-03  4.7E-06 53
  6.30000E+04  6.35000E+04  2.43342E-03  4.7E-06 54
  6.40000E+04  6.45000E+04  2.40292E-03  4.7E-06 55
  6.50000E+04  6.55000E+04  2.36759E-03  4.7E-06 56
  6.60000E+04  6.65000E+04  2.34050E-03  4.7E-06 57
  6.70000E+04  6.75000E+04  2.30042E-03  4.7E-06 58
  6.80000E+04  6.85000E+04  5.50231E-03  7.2E-06 59
  6.90000E+04  6.95000E+04  2.21793E-03  4.6E-06 60
  7.00000E+04  7.05000E+04  2.58589E-03  5.0E-06 61
  7.10000E+04  7.15000E+04  1.65971E-03  4.0E-06 62
  7.20000E+04  7.25000E+04  1.64822E-03  4.0E-06 63
  7.30000E+04  7.35000E+04  1.63708E-03  4.0E-06 64
  7.40000E+04  7.45000E+04  1.61862E-03  4.0E-06 65
  7.50000E+04  7.55000E+04  1.59788E-03  4.0E-06 66
  7.60000E+04  7.65000E+04  1.58402E-03  3.9E-06 67
  7.70000E+04  7.75000E+04  1.56382E-03  3.9E-06 68
  7.80000E+04  7.85000E+04  1.54298E-03  3.9E-06 69
  7.90000E+04  7.95000E+04  1.51999E-03  3.9E-06 70
  8.00000E+04  8.05000E+04  1.49706E-03  3.9E-06 71
 
# Performance report
#   Random seeds:
#    938133609
#   1019010914
#   No. of histories simulated [N]:
#            73399503.
#   CPU time [t] (s):
#    4.78191E+02
#   Speed (histories/s):
#    1.53494E+05
#   Average uncertainty (above 1/2 max score) in % [uncert]:
#    6.84038E-02
#   Intrinsic efficiency [N*uncert^2]^-1:
#    2.91170E-06
#   Absolute efficiency [t*uncert^2]^-1:
#    4.46928E-01
