#>>>>>>>>>>>>>>>>>>>>>>>>>>>>>>>>>>>>>>>>>>>>>>>>>>>>>>>>>>>>
# [SECTION REPORT FLUENCE SPECTRUM]
# PHOTONS                                                                       
#
# The spectral fluence is integrated over the detector volume, its units are cm^3/(cm^2*eV)=cm/eV.
#
# Detection material:
#  3
# Number of energy bins:
#  71
# Linear energy scale, bin width (eV):
#      Infinity
#
# For plotting purposes, two energies per bin are given, namely, the low end and the middle point of each bin.
#
# Elow(eV) : Emiddle(eV) : fluence(cm/eV) : +-2sigma : nbin
  1.00000E+04  1.05000E+04  3.20617E-04  5.4E-07 1
  1.10000E+04  1.15000E+04  9.09487E-06  9.3E-08 2
  1.20000E+04  1.25000E+04  5.57541E-04  7.6E-07 3
  1.30000E+04  1.35000E+04  1.76008E-05  1.3E-07 4
  1.40000E+04  1.45000E+04  5.30874E-05  2.4E-07 5
  1.50000E+04  1.55000E+04  2.35770E-05  1.6E-07 6
  1.60000E+04  1.65000E+04  7.54946E-09  2.9E-09 7
  1.70000E+04  1.75000E+04  4.55945E-08  6.8E-09 8
  1.80000E+04  1.85000E+04  1.10530E-06  2.4E-08 9
  1.90000E+04  1.95000E+04  2.31159E-06  3.6E-08 10
  2.00000E+04  2.05000E+04  7.63593E-06  6.3E-08 11
  2.10000E+04  2.15000E+04  1.64716E-05  9.3E-08 12
  2.20000E+04  2.25000E+04  3.36202E-05  1.3E-07 13
  2.30000E+04  2.35000E+04  6.14518E-05  1.8E-07 14
  2.40000E+04  2.45000E+04  1.01134E-04  2.3E-07 15
  2.50000E+04  2.55000E+04  1.56453E-04  2.8E-07 16
  2.60000E+04  2.65000E+04  2.26800E-04  3.4E-07 17
  2.70000E+04  2.75000E+04  3.11254E-04  3.9E-07 18
  2.80000E+04  2.85000E+04  4.09770E-04  4.5E-07 19
  2.90000E+04  2.95000E+04  5.20697E-04  5.1E-07 20
  3.00000E+04  3.05000E+04  6.38296E-04  5.6E-07 21
  3.10000E+04  3.15000E+04  7.57174E-04  6.1E-07 22
  3.20000E+04  3.25000E+04  8.75815E-04  6.6E-07 23
  3.30000E+04  3.35000E+04  9.94680E-04  7.0E-07 24
  3.40000E+04  3.45000E+04  1.11054E-03  7.4E-07 25
  3.50000E+04  3.55000E+04  1.22076E-03  7.7E-07 26
  3.60000E+04  3.65000E+04  1.32440E-03  8.0E-07 27
  3.70000E+04  3.75000E+04  1.41948E-03  8.3E-07 28
  3.80000E+04  3.85000E+04  1.50883E-03  8.6E-07 29
  3.90000E+04  3.95000E+04  1.58742E-03  8.8E-07 30
  4.00000E+04  4.05000E+04  1.65821E-03  9.0E-07 31
  4.10000E+04  4.15000E+04  1.71433E-03  9.1E-07 32
  4.20000E+04  4.25000E+04  1.76020E-03  9.2E-07 33
  4.30000E+04  4.35000E+04  1.80001E-03  9.3E-07 34
  4.40000E+04  4.45000E+04  1.83084E-03  9.4E-07 35
  4.50000E+04  4.55000E+04  1.85714E-03  9.5E-07 36
  4.60000E+04  4.65000E+04  1.87701E-03  9.5E-07 37
  4.70000E+04  4.75000E+04  1.89593E-03  9.6E-07 38
  4.80000E+04  4.85000E+04  1.91986E-03  9.7E-07 39
  4.90000E+04  4.95000E+04  1.94075E-03  9.8E-07 40
  5.00000E+04  5.05000E+04  1.94020E-03  9.8E-07 41
  5.10000E+04  5.15000E+04  1.92981E-03  9.8E-07 42
  5.20000E+04  5.25000E+04  1.91593E-03  9.8E-07 43
  5.30000E+04  5.35000E+04  1.90267E-03  9.8E-07 44
  5.40000E+04  5.45000E+04  1.89308E-03  9.8E-07 45
  5.50000E+04  5.55000E+04  1.87908E-03  9.8E-07 46
  5.60000E+04  5.65000E+04  1.86450E-03  9.7E-07 47
  5.70000E+04  5.75000E+04  1.85086E-03  9.7E-07 48
  5.80000E+04  5.85000E+04  1.83714E-03  9.7E-07 49
  5.90000E+04  5.95000E+04  4.82190E-03  1.5E-06 50
  6.00000E+04  6.05000E+04  7.21477E-03  1.9E-06 51
  6.10000E+04  6.15000E+04  1.74783E-03  9.6E-07 52
  6.20000E+04  6.25000E+04  1.72490E-03  9.6E-07 53
  6.30000E+04  6.35000E+04  1.70217E-03  9.5E-07 54
  6.40000E+04  6.45000E+04  1.68265E-03  9.5E-07 55
  6.50000E+04  6.55000E+04  1.65943E-03  9.5E-07 56
  6.60000E+04  6.65000E+04  1.63732E-03  9.5E-07 57
  6.70000E+04  6.75000E+04  1.61144E-03  9.5E-07 58
  6.80000E+04  6.85000E+04  3.83327E-03  1.4E-06 59
  6.90000E+04  6.95000E+04  1.55824E-03  9.4E-07 60
  7.00000E+04  7.05000E+04  1.81761E-03  1.0E-06 61
  7.10000E+04  7.15000E+04  1.17292E-03  8.3E-07 62
  7.20000E+04  7.25000E+04  2.75615E-03  1.5E-06 63
  7.30000E+04  7.35000E+04  1.15805E-03  8.3E-07 64
  7.40000E+04  7.45000E+04  3.93945E-03  1.9E-06 65
  7.50000E+04  7.55000E+04  1.13528E-03  8.3E-07 66
  7.60000E+04  7.65000E+04  1.12617E-03  8.3E-07 67
  7.70000E+04  7.75000E+04  1.11784E-03  8.3E-07 68
  7.80000E+04  7.85000E+04  1.10684E-03  8.3E-07 69
  7.90000E+04  7.95000E+04  1.09565E-03  8.3E-07 70
  8.00000E+04  8.05000E+04  1.08352E-03  8.3E-07 71
 
# Performance report
#   Random seeds:
#   1230834803
#    603123701
#   No. of histories simulated [N]:
#           880136096.
#   CPU time [t] (s):
#    5.00979E+03
#   Speed (histories/s):
#    1.75683E+05
#   Average uncertainty (above 1/2 max score) in % [uncert]:
#    3.67649E-02
#   Intrinsic efficiency [N*uncert^2]^-1:
#    8.40589E-07
#   Absolute efficiency [t*uncert^2]^-1:
#    1.47677E-01
