#>>>>>>>>>>>>>>>>>>>>>>>>>>>>>>>>>>>>>>>>>>>>>>>>>>>>>>>>>>>>
# [SECTION REPORT FLUENCE SPECTRUM]
# PHOTONS                                                                       
#
# The spectral fluence is integrated over the detector volume, its units are cm^3/(cm^2*eV)=cm/eV.
#
# Detection material:
#  3
# Number of energy bins:
#  71
# Linear energy scale, bin width (eV):
#      Infinity
#
# For plotting purposes, two energies per bin are given, namely, the low end and the middle point of each bin.
#
# Elow(eV) : Emiddle(eV) : fluence(cm/eV) : +-2sigma : nbin
  1.00000E+04  1.05000E+04  1.80872E-09  3.6E-09 1
  1.10000E+04  1.15000E+04  0.00000E+00  0.0E+00 2
  1.20000E+04  1.25000E+04  7.99979E-09  6.6E-09 3
  1.30000E+04  1.35000E+04  2.84758E-08  1.3E-08 4
  1.40000E+04  1.45000E+04  1.09936E-06  5.7E-08 5
  1.50000E+04  1.55000E+04  6.39852E-06  1.3E-07 6
  1.60000E+04  1.65000E+04  2.30838E-05  2.5E-07 7
  1.70000E+04  1.75000E+04  6.19096E-05  4.2E-07 8
  1.80000E+04  1.85000E+04  1.39042E-04  6.2E-07 9
  1.90000E+04  1.95000E+04  2.63378E-04  8.6E-07 10
  2.00000E+04  2.05000E+04  4.45862E-04  1.1E-06 11
  2.10000E+04  2.15000E+04  6.79830E-04  1.4E-06 12
  2.20000E+04  2.25000E+04  1.04830E-03  1.9E-06 13
  2.30000E+04  2.35000E+04  1.61684E-03  2.4E-06 14
  2.40000E+04  2.45000E+04  1.88240E-03  2.5E-06 15
  2.50000E+04  2.55000E+04  2.52214E-02  1.1E-05 16
  2.60000E+04  2.65000E+04  2.26435E-03  2.7E-06 17
  2.70000E+04  2.75000E+04  2.56783E-03  2.9E-06 18
  2.80000E+04  2.85000E+04  7.83929E-03  6.0E-06 19
  2.90000E+04  2.95000E+04  3.67938E-03  3.6E-06 20
  3.00000E+04  3.05000E+04  2.63322E-03  2.6E-06 21
  3.10000E+04  3.15000E+04  2.73595E-03  2.6E-06 22
  3.20000E+04  3.25000E+04  2.80907E-03  2.7E-06 23
  3.30000E+04  3.35000E+04  2.86409E-03  2.7E-06 24
  3.40000E+04  3.45000E+04  2.90239E-03  2.7E-06 25
  3.50000E+04  3.55000E+04  2.92881E-03  2.7E-06 26
  3.60000E+04  3.65000E+04  2.94277E-03  2.8E-06 27
  3.70000E+04  3.75000E+04  2.94579E-03  2.8E-06 28
  3.80000E+04  3.85000E+04  2.94240E-03  2.8E-06 29
  3.90000E+04  3.95000E+04  2.92646E-03  2.8E-06 30
  4.00000E+04  4.05000E+04  2.90954E-03  2.8E-06 31
  4.10000E+04  4.15000E+04  2.87630E-03  2.8E-06 32
  4.20000E+04  4.25000E+04  2.83696E-03  2.8E-06 33
  4.30000E+04  4.35000E+04  2.79461E-03  2.8E-06 34
  4.40000E+04  4.45000E+04  2.74868E-03  2.8E-06 35
  4.50000E+04  4.55000E+04  2.70585E-03  2.8E-06 36
  4.60000E+04  4.65000E+04  2.66009E-03  2.8E-06 37
  4.70000E+04  4.75000E+04  2.61630E-03  2.8E-06 38
  4.80000E+04  4.85000E+04  2.57373E-03  2.8E-06 39
  4.90000E+04  4.95000E+04  2.52705E-03  2.8E-06 40
  5.00000E+04  5.05000E+04  2.47239E-03  2.8E-06 41
  5.10000E+04  5.15000E+04  2.41676E-03  2.8E-06 42
  5.20000E+04  5.25000E+04  2.35517E-03  2.8E-06 43
  5.30000E+04  5.35000E+04  2.29064E-03  2.7E-06 44
  5.40000E+04  5.45000E+04  2.22712E-03  2.7E-06 45
  5.50000E+04  5.55000E+04  2.16198E-03  2.7E-06 46
  5.60000E+04  5.65000E+04  2.09436E-03  2.7E-06 47
  5.70000E+04  5.75000E+04  2.02813E-03  2.7E-06 48
  5.80000E+04  5.85000E+04  1.95765E-03  2.6E-06 49
  5.90000E+04  5.95000E+04  2.59405E-03  3.0E-06 50
  6.00000E+04  6.05000E+04  3.07064E-03  3.3E-06 51
  6.10000E+04  6.15000E+04  1.72598E-03  2.5E-06 52
  6.20000E+04  6.25000E+04  1.64737E-03  2.5E-06 53
  6.30000E+04  6.35000E+04  1.56561E-03  2.4E-06 54
  6.40000E+04  6.45000E+04  1.48641E-03  2.4E-06 55
  6.50000E+04  6.55000E+04  1.40589E-03  2.3E-06 56
  6.60000E+04  6.65000E+04  1.32072E-03  2.2E-06 57
  6.70000E+04  6.75000E+04  1.24133E-03  2.2E-06 58
  6.80000E+04  6.85000E+04  1.64347E-03  2.5E-06 59
  6.90000E+04  6.95000E+04  1.06788E-03  2.0E-06 60
  7.00000E+04  7.05000E+04  1.09040E-03  2.1E-06 61
  7.10000E+04  7.15000E+04  8.70643E-04  1.9E-06 62
  7.20000E+04  7.25000E+04  7.89574E-04  1.8E-06 63
  7.30000E+04  7.35000E+04  7.04112E-04  1.7E-06 64
  7.40000E+04  7.45000E+04  6.20037E-04  1.6E-06 65
  7.50000E+04  7.55000E+04  5.34604E-04  1.5E-06 66
  7.60000E+04  7.65000E+04  4.47737E-04  1.4E-06 67
  7.70000E+04  7.75000E+04  3.59169E-04  1.2E-06 68
  7.80000E+04  7.85000E+04  2.70055E-04  1.1E-06 69
  7.90000E+04  7.95000E+04  1.80064E-04  8.7E-07 70
  8.00000E+04  8.05000E+04  9.06597E-05  6.2E-07 71
 
# Performance report
#   Random seeds:
#    914433904
#   1104376559
#   No. of histories simulated [N]:
#           163549381.
#   CPU time [t] (s):
#    1.03003E+03
#   Speed (histories/s):
#    1.58781E+05
#   Average uncertainty (above 1/2 max score) in % [uncert]:
#    4.38503E-02
#   Intrinsic efficiency [N*uncert^2]^-1:
#    3.17984E-06
#   Absolute efficiency [t*uncert^2]^-1:
#    5.04900E-01
