#>>>>>>>>>>>>>>>>>>>>>>>>>>>>>>>>>>>>>>>>>>>>>>>>>>>>>>>>>>>>
# [SECTION REPORT FLUENCE SPECTRUM]
# PHOTONS                                                                       
#
# The spectral fluence is integrated over the detector volume, its units are cm^3/(cm^2*eV)=cm/eV.
#
# Detection material:
#  3
# Number of energy bins:
#  71
# Linear energy scale, bin width (eV):
#      Infinity
#
# For plotting purposes, two energies per bin are given, namely, the low end and the middle point of each bin.
#
# Elow(eV) : Emiddle(eV) : fluence(cm/eV) : +-2sigma : nbin
  1.00000E+04  1.05000E+04  0.00000E+00  0.0E+00 1
  1.10000E+04  1.15000E+04  6.70942E-10  1.0E-09 2
  1.20000E+04  1.25000E+04  3.05907E-09  1.9E-09 3
  1.30000E+04  1.35000E+04  2.47559E-08  5.8E-09 4
  1.40000E+04  1.45000E+04  1.20821E-06  3.4E-08 5
  1.50000E+04  1.55000E+04  3.95497E-06  6.3E-08 6
  1.60000E+04  1.65000E+04  1.54307E-05  1.3E-07 7
  1.70000E+04  1.75000E+04  4.61245E-05  2.2E-07 8
  1.80000E+04  1.85000E+04  1.09376E-04  3.5E-07 9
  1.90000E+04  1.95000E+04  2.20001E-04  5.0E-07 10
  2.00000E+04  2.05000E+04  3.88179E-04  6.6E-07 11
  2.10000E+04  2.15000E+04  6.07815E-04  8.4E-07 12
  2.20000E+04  2.25000E+04  8.84076E-04  1.0E-06 13
  2.30000E+04  2.35000E+04  1.26351E-03  1.2E-06 14
  2.40000E+04  2.45000E+04  1.72043E-03  1.4E-06 15
  2.50000E+04  2.55000E+04  2.03814E-03  1.6E-06 16
  2.60000E+04  2.65000E+04  1.41452E-02  4.2E-06 17
  2.70000E+04  2.75000E+04  2.62459E-03  1.8E-06 18
  2.80000E+04  2.85000E+04  2.97096E-03  1.9E-06 19
  2.90000E+04  2.95000E+04  5.55415E-03  2.6E-06 20
  3.00000E+04  3.05000E+04  3.71460E-03  2.1E-06 21
  3.10000E+04  3.15000E+04  4.46973E-03  2.3E-06 22
  3.20000E+04  3.25000E+04  5.78523E-03  2.6E-06 23
  3.30000E+04  3.35000E+04  3.42384E-03  2.0E-06 24
  3.40000E+04  3.45000E+04  3.54568E-03  2.0E-06 25
  3.50000E+04  3.55000E+04  3.65177E-03  2.0E-06 26
  3.60000E+04  3.65000E+04  4.54501E-03  2.3E-06 27
  3.70000E+04  3.75000E+04  3.83540E-03  2.1E-06 28
  3.80000E+04  3.85000E+04  3.56591E-03  2.0E-06 29
  3.90000E+04  3.95000E+04  3.60612E-03  2.0E-06 30
  4.00000E+04  4.05000E+04  3.62953E-03  2.0E-06 31
  4.10000E+04  4.15000E+04  3.63100E-03  2.0E-06 32
  4.20000E+04  4.25000E+04  3.61474E-03  2.0E-06 33
  4.30000E+04  4.35000E+04  3.59043E-03  2.0E-06 34
  4.40000E+04  4.45000E+04  3.55971E-03  2.0E-06 35
  4.50000E+04  4.55000E+04  3.52447E-03  2.0E-06 36
  4.60000E+04  4.65000E+04  3.48187E-03  2.0E-06 37
  4.70000E+04  4.75000E+04  3.43961E-03  2.0E-06 38
  4.80000E+04  4.85000E+04  3.40550E-03  2.0E-06 39
  4.90000E+04  4.95000E+04  3.36726E-03  2.0E-06 40
  5.00000E+04  5.05000E+04  3.30590E-03  2.0E-06 41
  5.10000E+04  5.15000E+04  3.23199E-03  2.0E-06 42
  5.20000E+04  5.25000E+04  3.15709E-03  1.9E-06 43
  5.30000E+04  5.35000E+04  3.08339E-03  1.9E-06 44
  5.40000E+04  5.45000E+04  3.01604E-03  1.9E-06 45
  5.50000E+04  5.55000E+04  2.94421E-03  1.9E-06 46
  5.60000E+04  5.65000E+04  2.87116E-03  1.9E-06 47
  5.70000E+04  5.75000E+04  2.79942E-03  1.8E-06 48
  5.80000E+04  5.85000E+04  2.72475E-03  1.8E-06 49
  5.90000E+04  5.95000E+04  5.80469E-03  2.6E-06 50
  6.00000E+04  6.05000E+04  8.15265E-03  3.1E-06 51
  6.10000E+04  6.15000E+04  2.48263E-03  1.7E-06 52
  6.20000E+04  6.25000E+04  2.40732E-03  1.7E-06 53
  6.30000E+04  6.35000E+04  2.33263E-03  1.7E-06 54
  6.40000E+04  6.45000E+04  2.26163E-03  1.7E-06 55
  6.50000E+04  6.55000E+04  2.18927E-03  1.6E-06 56
  6.60000E+04  6.65000E+04  2.11696E-03  1.6E-06 57
  6.70000E+04  6.75000E+04  2.04629E-03  1.6E-06 58
  6.80000E+04  6.85000E+04  4.02033E-03  2.2E-06 59
  6.90000E+04  6.95000E+04  1.89808E-03  1.5E-06 60
  7.00000E+04  7.05000E+04  2.22054E-03  1.7E-06 61
  7.10000E+04  7.15000E+04  1.60177E-03  1.4E-06 62
  7.20000E+04  7.25000E+04  1.54899E-03  1.4E-06 63
  7.30000E+04  7.35000E+04  1.49701E-03  1.4E-06 64
  7.40000E+04  7.45000E+04  1.44484E-03  1.3E-06 65
  7.50000E+04  7.55000E+04  1.39024E-03  1.3E-06 66
  7.60000E+04  7.65000E+04  1.33663E-03  1.3E-06 67
  7.70000E+04  7.75000E+04  1.28400E-03  1.3E-06 68
  7.80000E+04  7.85000E+04  1.22967E-03  1.2E-06 69
  7.90000E+04  7.95000E+04  1.17655E-03  1.2E-06 70
  8.00000E+04  8.05000E+04  1.12244E-03  1.2E-06 71
 
# Performance report
#   Random seeds:
#   1381758119
#   1016495506
#   No. of histories simulated [N]:
#           612547820.
#   CPU time [t] (s):
#    4.01565E+03
#   Speed (histories/s):
#    1.52540E+05
#   Average uncertainty (above 1/2 max score) in % [uncert]:
#    3.40340E-02
#   Intrinsic efficiency [N*uncert^2]^-1:
#    1.40940E-06
#   Absolute efficiency [t*uncert^2]^-1:
#    2.14991E-01
