#>>>>>>>>>>>>>>>>>>>>>>>>>>>>>>>>>>>>>>>>>>>>>>>>>>>>>>>>>>>>
# [SECTION REPORT FLUENCE SPECTRUM]
# PHOTONS                                                                       
#
# The spectral fluence is integrated over the detector volume, its units are cm^3/(cm^2*eV)=cm/eV.
#
# Detection material:
#  3
# Number of energy bins:
#  71
# Linear energy scale, bin width (eV):
#      Infinity
#
# For plotting purposes, two energies per bin are given, namely, the low end and the middle point of each bin.
#
# Elow(eV) : Emiddle(eV) : fluence(cm/eV) : +-2sigma : nbin
  1.00000E+04  1.05000E+04  2.20598E-06  1.0E-07 1
  1.10000E+04  1.15000E+04  2.12058E-05  3.2E-07 2
  1.20000E+04  1.25000E+04  7.88437E-07  6.3E-08 3
  1.30000E+04  1.35000E+04  1.57825E-09  3.2E-09 4
  1.40000E+04  1.45000E+04  3.96465E-09  4.8E-09 5
  1.50000E+04  1.55000E+04  1.61606E-08  9.3E-09 6
  1.60000E+04  1.65000E+04  1.89545E-08  1.0E-08 7
  1.70000E+04  1.75000E+04  1.04068E-07  2.5E-08 8
  1.80000E+04  1.85000E+04  1.36751E-06  7.0E-08 9
  1.90000E+04  1.95000E+04  2.84313E-06  1.0E-07 10
  2.00000E+04  2.05000E+04  1.04547E-05  2.0E-07 11
  2.10000E+04  2.15000E+04  2.74892E-05  3.5E-07 12
  2.20000E+04  2.25000E+04  9.31111E-05  6.9E-07 13
  2.30000E+04  2.35000E+04  2.39332E-04  1.1E-06 14
  2.40000E+04  2.45000E+04  2.64856E-04  1.1E-06 15
  2.50000E+04  2.55000E+04  1.01204E-02  7.2E-06 16
  2.60000E+04  2.65000E+04  3.48383E-04  1.2E-06 17
  2.70000E+04  2.75000E+04  4.67773E-04  1.4E-06 18
  2.80000E+04  2.85000E+04  2.67996E-03  3.7E-06 19
  2.90000E+04  2.95000E+04  1.07661E-03  2.2E-06 20
  3.00000E+04  3.05000E+04  7.46671E-04  1.6E-06 21
  3.10000E+04  3.15000E+04  9.01535E-04  1.8E-06 22
  3.20000E+04  3.25000E+04  1.06821E-03  2.0E-06 23
  3.30000E+04  3.35000E+04  1.23672E-03  2.1E-06 24
  3.40000E+04  3.45000E+04  1.40984E-03  2.3E-06 25
  3.50000E+04  3.55000E+04  1.58245E-03  2.5E-06 26
  3.60000E+04  3.65000E+04  1.74982E-03  2.6E-06 27
  3.70000E+04  3.75000E+04  1.91246E-03  2.8E-06 28
  3.80000E+04  3.85000E+04  2.07074E-03  2.9E-06 29
  3.90000E+04  3.95000E+04  2.21562E-03  3.0E-06 30
  4.00000E+04  4.05000E+04  2.35215E-03  3.1E-06 31
  4.10000E+04  4.15000E+04  2.47089E-03  3.2E-06 32
  4.20000E+04  4.25000E+04  2.57579E-03  3.3E-06 33
  4.30000E+04  4.35000E+04  2.66842E-03  3.4E-06 34
  4.40000E+04  4.45000E+04  2.75110E-03  3.5E-06 35
  4.50000E+04  4.55000E+04  2.81812E-03  3.5E-06 36
  4.60000E+04  4.65000E+04  2.88865E-03  3.6E-06 37
  4.70000E+04  4.75000E+04  2.94477E-03  3.6E-06 38
  4.80000E+04  4.85000E+04  3.01712E-03  3.7E-06 39
  4.90000E+04  4.95000E+04  3.07614E-03  3.7E-06 40
  5.00000E+04  5.05000E+04  3.09464E-03  3.8E-06 41
  5.10000E+04  5.15000E+04  3.10012E-03  3.8E-06 42
  5.20000E+04  5.25000E+04  3.08774E-03  3.8E-06 43
  5.30000E+04  5.35000E+04  3.08092E-03  3.8E-06 44
  5.40000E+04  5.45000E+04  3.07802E-03  3.8E-06 45
  5.50000E+04  5.55000E+04  3.06164E-03  3.8E-06 46
  5.60000E+04  5.65000E+04  3.04098E-03  3.8E-06 47
  5.70000E+04  5.75000E+04  3.82710E-03  4.3E-06 48
  5.80000E+04  5.85000E+04  2.97956E-03  3.7E-06 49
  5.90000E+04  5.95000E+04  9.34372E-03  6.6E-06 50
  6.00000E+04  6.05000E+04  1.18541E-02  7.3E-06 51
  6.10000E+04  6.15000E+04  2.83143E-03  3.7E-06 52
  6.20000E+04  6.25000E+04  2.79212E-03  3.6E-06 53
  6.30000E+04  6.35000E+04  2.74758E-03  3.6E-06 54
  6.40000E+04  6.45000E+04  2.70245E-03  3.6E-06 55
  6.50000E+04  6.55000E+04  2.65729E-03  3.6E-06 56
  6.60000E+04  6.65000E+04  2.78207E-03  3.7E-06 57
  6.70000E+04  6.75000E+04  2.89538E-03  3.7E-06 58
  6.80000E+04  6.85000E+04  6.13525E-03  5.4E-06 59
  6.90000E+04  6.95000E+04  2.52173E-03  3.5E-06 60
  7.00000E+04  7.05000E+04  2.67934E-03  3.5E-06 61
  7.10000E+04  7.15000E+04  1.70717E-03  2.8E-06 62
  7.20000E+04  7.25000E+04  1.70048E-03  2.8E-06 63
  7.30000E+04  7.35000E+04  1.68153E-03  2.8E-06 64
  7.40000E+04  7.45000E+04  1.66773E-03  2.8E-06 65
  7.50000E+04  7.55000E+04  1.64381E-03  2.8E-06 66
  7.60000E+04  7.65000E+04  1.62552E-03  2.8E-06 67
  7.70000E+04  7.75000E+04  1.60258E-03  2.8E-06 68
  7.80000E+04  7.85000E+04  1.58382E-03  2.7E-06 69
  7.90000E+04  7.95000E+04  1.55503E-03  2.7E-06 70
  8.00000E+04  8.05000E+04  1.53188E-03  2.7E-06 71
 
# Performance report
#   Random seeds:
#   1074422043
#   1517890423
#   No. of histories simulated [N]:
#           155095063.
#   CPU time [t] (s):
#    1.01063E+03
#   Speed (histories/s):
#    1.53464E+05
#   Average uncertainty (above 1/2 max score) in % [uncert]:
#    7.32209E-02
#   Intrinsic efficiency [N*uncert^2]^-1:
#    1.20263E-06
#   Absolute efficiency [t*uncert^2]^-1:
#    1.84560E-01
