#>>>>>>>>>>>>>>>>>>>>>>>>>>>>>>>>>>>>>>>>>>>>>>>>>>>>>>>>>>>>
# [SECTION REPORT FLUENCE SPECTRUM]
# PHOTONS                                                                       
#
# The spectral fluence is integrated over the detector volume, its units are cm^3/(cm^2*eV)=cm/eV.
#
# Detection material:
#  3
# Number of energy bins:
#  71
# Linear energy scale, bin width (eV):
#      Infinity
#
# For plotting purposes, two energies per bin are given, namely, the low end and the middle point of each bin.
#
# Elow(eV) : Emiddle(eV) : fluence(cm/eV) : +-2sigma : nbin
  1.00000E+04  1.05000E+04  1.54979E-04  8.4E-07 1
  1.10000E+04  1.15000E+04  2.56296E-05  3.5E-07 2
  1.20000E+04  1.25000E+04  5.92901E-05  5.5E-07 3
  1.30000E+04  1.35000E+04  1.41399E-04  8.4E-07 4
  1.40000E+04  1.45000E+04  1.80585E-06  9.8E-08 5
  1.50000E+04  1.55000E+04  4.65439E-05  4.9E-07 6
  1.60000E+04  1.65000E+04  2.10261E-06  1.1E-07 7
  1.70000E+04  1.75000E+04  4.79922E-08  1.6E-08 8
  1.80000E+04  1.85000E+04  1.15874E-06  5.9E-08 9
  1.90000E+04  1.95000E+04  2.39222E-06  8.8E-08 10
  2.00000E+04  2.05000E+04  8.12801E-06  1.6E-07 11
  2.10000E+04  2.15000E+04  1.79876E-05  2.4E-07 12
  2.20000E+04  2.25000E+04  3.78190E-05  3.6E-07 13
  2.30000E+04  2.35000E+04  7.11849E-05  5.0E-07 14
  2.40000E+04  2.45000E+04  1.19825E-04  6.6E-07 15
  2.50000E+04  2.55000E+04  1.90017E-04  8.3E-07 16
  2.60000E+04  2.65000E+04  2.83077E-04  1.0E-06 17
  2.70000E+04  2.75000E+04  3.99202E-04  1.2E-06 18
  2.80000E+04  2.85000E+04  5.40344E-04  1.5E-06 19
  2.90000E+04  2.95000E+04  7.01727E-04  1.7E-06 20
  3.00000E+04  3.05000E+04  8.82155E-04  1.9E-06 21
  3.10000E+04  3.15000E+04  1.06573E-03  2.1E-06 22
  3.20000E+04  3.25000E+04  1.25817E-03  2.3E-06 23
  3.30000E+04  3.35000E+04  1.45618E-03  2.5E-06 24
  3.40000E+04  3.45000E+04  1.65393E-03  2.7E-06 25
  3.50000E+04  3.55000E+04  1.84856E-03  2.8E-06 26
  3.60000E+04  3.65000E+04  2.03749E-03  3.0E-06 27
  3.70000E+04  3.75000E+04  2.21553E-03  3.1E-06 28
  3.80000E+04  3.85000E+04  2.38259E-03  3.3E-06 29
  3.90000E+04  3.95000E+04  2.54034E-03  3.4E-06 30
  4.00000E+04  4.05000E+04  2.68362E-03  3.5E-06 31
  4.10000E+04  4.15000E+04  2.80074E-03  3.6E-06 32
  4.20000E+04  4.25000E+04  2.90540E-03  3.6E-06 33
  4.30000E+04  4.35000E+04  2.99685E-03  3.7E-06 34
  4.40000E+04  4.45000E+04  3.07404E-03  3.8E-06 35
  4.50000E+04  4.55000E+04  3.13771E-03  3.8E-06 36
  4.60000E+04  4.65000E+04  3.19609E-03  3.9E-06 37
  4.70000E+04  4.75000E+04  3.25171E-03  3.9E-06 38
  4.80000E+04  4.85000E+04  3.31795E-03  4.0E-06 39
  4.90000E+04  4.95000E+04  3.37332E-03  4.0E-06 40
  5.00000E+04  5.05000E+04  3.37735E-03  4.0E-06 41
  5.10000E+04  5.15000E+04  3.36502E-03  4.0E-06 42
  5.20000E+04  5.25000E+04  3.34128E-03  4.0E-06 43
  5.30000E+04  5.35000E+04  3.32271E-03  4.0E-06 44
  5.40000E+04  5.45000E+04  3.30894E-03  4.0E-06 45
  5.50000E+04  5.55000E+04  3.28777E-03  4.0E-06 46
  5.60000E+04  5.65000E+04  3.25403E-03  3.9E-06 47
  5.70000E+04  5.75000E+04  4.38988E-03  4.6E-06 48
  5.80000E+04  5.85000E+04  3.17137E-03  3.9E-06 49
  5.90000E+04  5.95000E+04  1.04565E-02  7.0E-06 50
  6.00000E+04  6.05000E+04  1.25554E-02  7.6E-06 51
  6.10000E+04  6.15000E+04  2.99203E-03  3.8E-06 52
  6.20000E+04  6.25000E+04  2.93952E-03  3.8E-06 53
  6.30000E+04  6.35000E+04  2.89034E-03  3.7E-06 54
  6.40000E+04  6.45000E+04  2.83929E-03  3.7E-06 55
  6.50000E+04  6.55000E+04  2.78502E-03  3.7E-06 56
  6.60000E+04  6.65000E+04  2.96930E-03  3.8E-06 57
  6.70000E+04  6.75000E+04  3.13764E-03  3.9E-06 58
  6.80000E+04  6.85000E+04  6.38855E-03  5.5E-06 59
  6.90000E+04  6.95000E+04  2.65102E-03  3.6E-06 60
  7.00000E+04  7.05000E+04  2.73901E-03  3.6E-06 61
  7.10000E+04  7.15000E+04  1.74768E-03  2.9E-06 62
  7.20000E+04  7.25000E+04  1.73466E-03  2.9E-06 63
  7.30000E+04  7.35000E+04  1.71462E-03  2.8E-06 64
  7.40000E+04  7.45000E+04  1.93604E-03  3.0E-06 65
  7.50000E+04  7.55000E+04  1.67553E-03  2.8E-06 66
  7.60000E+04  7.65000E+04  1.65454E-03  2.8E-06 67
  7.70000E+04  7.75000E+04  2.03220E-03  3.1E-06 68
  7.80000E+04  7.85000E+04  1.60805E-03  2.8E-06 69
  7.90000E+04  7.95000E+04  1.58009E-03  2.7E-06 70
  8.00000E+04  8.05000E+04  1.55426E-03  2.7E-06 71
 
# Performance report
#   Random seeds:
#    980794501
#    192884342
#   No. of histories simulated [N]:
#           156678508.
#   CPU time [t] (s):
#    1.01030E+03
#   Speed (histories/s):
#    1.55081E+05
#   Average uncertainty (above 1/2 max score) in % [uncert]:
#    7.20444E-02
#   Intrinsic efficiency [N*uncert^2]^-1:
#    1.22968E-06
#   Absolute efficiency [t*uncert^2]^-1:
#    1.90699E-01
