#>>>>>>>>>>>>>>>>>>>>>>>>>>>>>>>>>>>>>>>>>>>>>>>>>>>>>>>>>>>>
# [SECTION REPORT FLUENCE SPECTRUM]
# PHOTONS                                                                       
#
# The spectral fluence is integrated over the detector volume, its units are cm^3/(cm^2*eV)=cm/eV.
#
# Detection material:
#  3
# Number of energy bins:
#  71
# Linear energy scale, bin width (eV):
#      Infinity
#
# For plotting purposes, two energies per bin are given, namely, the low end and the middle point of each bin.
#
# Elow(eV) : Emiddle(eV) : fluence(cm/eV) : +-2sigma : nbin
  1.00000E+04  1.05000E+04  6.02311E-04  2.5E-06 1
  1.10000E+04  1.15000E+04  1.36582E-05  3.8E-07 2
  1.20000E+04  1.25000E+04  3.09657E-04  1.8E-06 3
  1.30000E+04  1.35000E+04  7.50838E-04  2.8E-06 4
  1.40000E+04  1.45000E+04  6.34956E-06  2.5E-07 5
  1.50000E+04  1.55000E+04  1.42035E-04  1.3E-06 6
  1.60000E+04  1.65000E+04  1.65091E-05  3.5E-07 7
  1.70000E+04  1.75000E+04  3.31346E-05  4.3E-07 8
  1.80000E+04  1.85000E+04  7.60978E-05  6.5E-07 9
  1.90000E+04  1.95000E+04  1.48164E-04  9.0E-07 10
  2.00000E+04  2.05000E+04  2.52771E-04  1.2E-06 11
  2.10000E+04  2.15000E+04  3.85126E-04  1.4E-06 12
  2.20000E+04  2.25000E+04  5.43398E-04  1.7E-06 13
  2.30000E+04  2.35000E+04  7.19118E-04  2.0E-06 14
  2.40000E+04  2.45000E+04  9.11388E-04  2.2E-06 15
  2.50000E+04  2.55000E+04  1.10502E-03  2.4E-06 16
  2.60000E+04  2.65000E+04  1.30287E-03  2.6E-06 17
  2.70000E+04  2.75000E+04  1.49220E-03  2.8E-06 18
  2.80000E+04  2.85000E+04  1.66735E-03  3.0E-06 19
  2.90000E+04  2.95000E+04  1.83326E-03  3.1E-06 20
  3.00000E+04  3.05000E+04  1.97567E-03  3.2E-06 21
  3.10000E+04  3.15000E+04  2.09395E-03  3.4E-06 22
  3.20000E+04  3.25000E+04  2.18420E-03  3.4E-06 23
  3.30000E+04  3.35000E+04  2.26391E-03  3.5E-06 24
  3.40000E+04  3.45000E+04  2.33596E-03  3.6E-06 25
  3.50000E+04  3.55000E+04  2.39387E-03  3.7E-06 26
  3.60000E+04  3.65000E+04  2.44339E-03  3.7E-06 27
  3.70000E+04  3.75000E+04  2.48518E-03  3.8E-06 28
  3.80000E+04  3.85000E+04  2.51691E-03  3.8E-06 29
  3.90000E+04  3.95000E+04  2.54484E-03  3.9E-06 30
  4.00000E+04  4.05000E+04  2.56790E-03  4.0E-06 31
  4.10000E+04  4.15000E+04  2.57255E-03  4.0E-06 32
  4.20000E+04  4.25000E+04  2.57176E-03  4.0E-06 33
  4.30000E+04  4.35000E+04  2.56842E-03  4.1E-06 34
  4.40000E+04  4.45000E+04  2.56038E-03  4.1E-06 35
  4.50000E+04  4.55000E+04  2.55005E-03  4.1E-06 36
  4.60000E+04  4.65000E+04  2.53821E-03  4.2E-06 37
  4.70000E+04  4.75000E+04  2.52954E-03  4.2E-06 38
  4.80000E+04  4.85000E+04  2.52298E-03  4.2E-06 39
  4.90000E+04  4.95000E+04  2.51885E-03  4.3E-06 40
  5.00000E+04  5.05000E+04  2.49227E-03  4.3E-06 41
  5.10000E+04  5.15000E+04  2.45644E-03  4.3E-06 42
  5.20000E+04  5.25000E+04  2.41330E-03  4.3E-06 43
  5.30000E+04  5.35000E+04  2.38112E-03  4.2E-06 44
  5.40000E+04  5.45000E+04  2.34500E-03  4.2E-06 45
  5.50000E+04  5.55000E+04  2.31121E-03  4.2E-06 46
  5.60000E+04  5.65000E+04  2.26892E-03  4.2E-06 47
  5.70000E+04  5.75000E+04  2.22820E-03  4.2E-06 48
  5.80000E+04  5.85000E+04  2.18574E-03  4.2E-06 49
  5.90000E+04  5.95000E+04  4.66534E-03  6.0E-06 50
  6.00000E+04  6.05000E+04  6.57271E-03  7.2E-06 51
  6.10000E+04  6.15000E+04  2.03445E-03  4.1E-06 52
  6.20000E+04  6.25000E+04  1.98099E-03  4.0E-06 53
  6.30000E+04  6.35000E+04  1.93216E-03  4.0E-06 54
  6.40000E+04  6.45000E+04  1.88332E-03  4.0E-06 55
  6.50000E+04  6.55000E+04  1.82993E-03  3.9E-06 56
  6.60000E+04  6.65000E+04  1.78359E-03  3.9E-06 57
  6.70000E+04  6.75000E+04  1.73061E-03  3.8E-06 58
  6.80000E+04  6.85000E+04  3.40427E-03  5.3E-06 59
  6.90000E+04  6.95000E+04  1.62462E-03  3.7E-06 60
  7.00000E+04  7.05000E+04  1.90184E-03  4.0E-06 61
  7.10000E+04  7.15000E+04  1.38295E-03  3.5E-06 62
  7.20000E+04  7.25000E+04  1.34593E-03  3.4E-06 63
  7.30000E+04  7.35000E+04  1.30088E-03  3.4E-06 64
  7.40000E+04  7.45000E+04  1.50804E-03  3.7E-06 65
  7.50000E+04  7.55000E+04  1.21960E-03  3.3E-06 66
  7.60000E+04  7.65000E+04  1.17454E-03  3.2E-06 67
  7.70000E+04  7.75000E+04  1.56033E-03  3.8E-06 68
  7.80000E+04  7.85000E+04  1.08807E-03  3.1E-06 69
  7.90000E+04  7.95000E+04  1.04411E-03  3.0E-06 70
  8.00000E+04  8.05000E+04  9.98730E-04  3.0E-06 71
 
# Performance report
#   Random seeds:
#    148228443
#   1632357271
#   No. of histories simulated [N]:
#            80676992.
#   CPU time [t] (s):
#    4.81741E+02
#   Speed (histories/s):
#    1.67470E+05
#   Average uncertainty (above 1/2 max score) in % [uncert]:
#    1.33409E-01
#   Intrinsic efficiency [N*uncert^2]^-1:
#    6.96434E-07
#   Absolute efficiency [t*uncert^2]^-1:
#    1.16632E-01
