#>>>>>>>>>>>>>>>>>>>>>>>>>>>>>>>>>>>>>>>>>>>>>>>>>>>>>>>>>>>>
# [SECTION REPORT FLUENCE SPECTRUM]
# PHOTONS                                                                       
#
# The spectral fluence is integrated over the detector volume, its units are cm^3/(cm^2*eV)=cm/eV.
#
# Detection material:
#  3
# Number of energy bins:
#  71
# Linear energy scale, bin width (eV):
#      Infinity
#
# For plotting purposes, two energies per bin are given, namely, the low end and the middle point of each bin.
#
# Elow(eV) : Emiddle(eV) : fluence(cm/eV) : +-2sigma : nbin
  1.00000E+04  1.05000E+04  6.89716E-04  6.2E-07 1
  1.10000E+04  1.15000E+04  1.57038E-05  9.6E-08 2
  1.20000E+04  1.25000E+04  3.47547E-04  4.6E-07 3
  1.30000E+04  1.35000E+04  8.53988E-04  7.2E-07 4
  1.40000E+04  1.45000E+04  7.37344E-06  6.5E-08 5
  1.50000E+04  1.55000E+04  1.66412E-04  3.2E-07 6
  1.60000E+04  1.65000E+04  2.85222E-05  1.0E-07 7
  1.70000E+04  1.75000E+04  6.11485E-05  1.4E-07 8
  1.80000E+04  1.85000E+04  1.35896E-04  2.0E-07 9
  1.90000E+04  1.95000E+04  2.56144E-04  2.8E-07 10
  2.00000E+04  2.05000E+04  4.26548E-04  3.5E-07 11
  2.10000E+04  2.15000E+04  6.30005E-04  4.3E-07 12
  2.20000E+04  2.25000E+04  8.62388E-04  5.0E-07 13
  2.30000E+04  2.35000E+04  1.11370E-03  5.7E-07 14
  2.40000E+04  2.45000E+04  1.37344E-03  6.3E-07 15
  2.50000E+04  2.55000E+04  1.62993E-03  6.8E-07 16
  2.60000E+04  2.65000E+04  1.87563E-03  7.3E-07 17
  2.70000E+04  2.75000E+04  2.10313E-03  7.8E-07 18
  2.80000E+04  2.85000E+04  2.30815E-03  8.1E-07 19
  2.90000E+04  2.95000E+04  2.48629E-03  8.4E-07 20
  3.00000E+04  3.05000E+04  2.63961E-03  8.6E-07 21
  3.10000E+04  3.15000E+04  2.74010E-03  8.8E-07 22
  3.20000E+04  3.25000E+04  2.81086E-03  8.9E-07 23
  3.30000E+04  3.35000E+04  2.86240E-03  9.0E-07 24
  3.40000E+04  3.45000E+04  2.89414E-03  9.0E-07 25
  3.50000E+04  3.55000E+04  2.91189E-03  9.1E-07 26
  3.60000E+04  3.65000E+04  2.91591E-03  9.1E-07 27
  3.70000E+04  3.75000E+04  2.90825E-03  9.1E-07 28
  3.80000E+04  3.85000E+04  2.88825E-03  9.0E-07 29
  3.90000E+04  3.95000E+04  2.85861E-03  9.0E-07 30
  4.00000E+04  4.05000E+04  2.82379E-03  8.9E-07 31
  4.10000E+04  4.15000E+04  2.76957E-03  8.8E-07 32
  4.20000E+04  4.25000E+04  2.70823E-03  8.7E-07 33
  4.30000E+04  4.35000E+04  2.64553E-03  8.6E-07 34
  4.40000E+04  4.45000E+04  2.58014E-03  8.5E-07 35
  4.50000E+04  4.55000E+04  2.51356E-03  8.4E-07 36
  4.60000E+04  4.65000E+04  2.44746E-03  8.3E-07 37
  4.70000E+04  4.75000E+04  2.37920E-03  8.2E-07 38
  4.80000E+04  4.85000E+04  2.31447E-03  8.1E-07 39
  4.90000E+04  4.95000E+04  2.24944E-03  8.0E-07 40
  5.00000E+04  5.05000E+04  2.17964E-03  7.9E-07 41
  5.10000E+04  5.15000E+04  2.10673E-03  7.8E-07 42
  5.20000E+04  5.25000E+04  2.03395E-03  7.7E-07 43
  5.30000E+04  5.35000E+04  1.96154E-03  7.6E-07 44
  5.40000E+04  5.45000E+04  1.89261E-03  7.5E-07 45
  5.50000E+04  5.55000E+04  1.82186E-03  7.4E-07 46
  5.60000E+04  5.65000E+04  1.75203E-03  7.2E-07 47
  5.70000E+04  5.75000E+04  1.68417E-03  7.1E-07 48
  5.80000E+04  5.85000E+04  1.61483E-03  7.0E-07 49
  5.90000E+04  5.95000E+04  2.12890E-03  8.0E-07 50
  6.00000E+04  6.05000E+04  2.50733E-03  8.7E-07 51
  6.10000E+04  6.15000E+04  1.40375E-03  6.6E-07 52
  6.20000E+04  6.25000E+04  1.33436E-03  6.5E-07 53
  6.30000E+04  6.35000E+04  1.26459E-03  6.4E-07 54
  6.40000E+04  6.45000E+04  1.19659E-03  6.2E-07 55
  6.50000E+04  6.55000E+04  1.12871E-03  6.1E-07 56
  6.60000E+04  6.65000E+04  1.05991E-03  5.9E-07 57
  6.70000E+04  6.75000E+04  9.93123E-04  5.8E-07 58
  6.80000E+04  6.85000E+04  1.31532E-03  6.7E-07 59
  6.90000E+04  6.95000E+04  8.55043E-04  5.4E-07 60
  7.00000E+04  7.05000E+04  8.71038E-04  5.5E-07 61
  7.10000E+04  7.15000E+04  6.97158E-04  5.0E-07 62
  7.20000E+04  7.25000E+04  6.33311E-04  4.8E-07 63
  7.30000E+04  7.35000E+04  5.66346E-04  4.5E-07 64
  7.40000E+04  7.45000E+04  4.98428E-04  4.3E-07 65
  7.50000E+04  7.55000E+04  4.29434E-04  4.0E-07 66
  7.60000E+04  7.65000E+04  3.60684E-04  3.7E-07 67
  7.70000E+04  7.75000E+04  2.89926E-04  3.3E-07 68
  7.80000E+04  7.85000E+04  2.18845E-04  2.9E-07 69
  7.90000E+04  7.95000E+04  1.46363E-04  2.4E-07 70
  8.00000E+04  8.05000E+04  7.31464E-05  1.7E-07 71
 
# Performance report
#   Random seeds:
#    277932752
#    675656586
#   No. of histories simulated [N]:
#          1480096660.
#   CPU time [t] (s):
#    8.01757E+03
#   Speed (histories/s):
#    1.84607E+05
#   Average uncertainty (above 1/2 max score) in % [uncert]:
#    3.53704E-02
#   Intrinsic efficiency [N*uncert^2]^-1:
#    5.40046E-07
#   Absolute efficiency [t*uncert^2]^-1:
#    9.96960E-02
