#>>>>>>>>>>>>>>>>>>>>>>>>>>>>>>>>>>>>>>>>>>>>>>>>>>>>>>>>>>>>
# [SECTION REPORT FLUENCE SPECTRUM]
# PHOTONS                                                                       
#
# The spectral fluence is integrated over the detector volume, its units are cm^3/(cm^2*eV)=cm/eV.
#
# Detection material:
#  3
# Number of energy bins:
#  71
# Linear energy scale, bin width (eV):
#      Infinity
#
# For plotting purposes, two energies per bin are given, namely, the low end and the middle point of each bin.
#
# Elow(eV) : Emiddle(eV) : fluence(cm/eV) : +-2sigma : nbin
  1.00000E+04  1.05000E+04  2.20222E-06  7.0E-08 1
  1.10000E+04  1.15000E+04  2.10392E-05  2.2E-07 2
  1.20000E+04  1.25000E+04  7.52050E-07  4.2E-08 3
  1.30000E+04  1.35000E+04  5.18370E-10  7.4E-10 4
  1.40000E+04  1.45000E+04  2.57466E-09  2.7E-09 5
  1.50000E+04  1.55000E+04  1.99955E-09  2.6E-09 6
  1.60000E+04  1.65000E+04  1.29098E-08  6.5E-09 7
  1.70000E+04  1.75000E+04  5.67841E-08  1.3E-08 8
  1.80000E+04  1.85000E+04  1.17745E-06  4.4E-08 9
  1.90000E+04  1.95000E+04  2.56934E-06  6.8E-08 10
  2.00000E+04  2.05000E+04  8.86386E-06  1.3E-07 11
  2.10000E+04  2.15000E+04  1.93876E-05  1.9E-07 12
  2.20000E+04  2.25000E+04  4.10968E-05  2.8E-07 13
  2.30000E+04  2.35000E+04  7.74387E-05  3.9E-07 14
  2.40000E+04  2.45000E+04  1.31763E-04  5.1E-07 15
  2.50000E+04  2.55000E+04  2.09748E-04  6.5E-07 16
  2.60000E+04  2.65000E+04  3.15472E-04  8.1E-07 17
  2.70000E+04  2.75000E+04  4.51611E-04  9.8E-07 18
  2.80000E+04  2.85000E+04  6.78974E-04  1.2E-06 19
  2.90000E+04  2.95000E+04  8.83950E-04  1.4E-06 20
  3.00000E+04  3.05000E+04  1.05577E-03  1.5E-06 21
  3.10000E+04  3.15000E+04  4.60828E-03  3.4E-06 22
  3.20000E+04  3.25000E+04  7.65609E-03  4.4E-06 23
  3.30000E+04  3.35000E+04  1.58495E-03  1.9E-06 24
  3.40000E+04  3.45000E+04  1.78637E-03  2.0E-06 25
  3.50000E+04  3.55000E+04  1.98668E-03  2.1E-06 26
  3.60000E+04  3.65000E+04  4.18713E-03  3.2E-06 27
  3.70000E+04  3.75000E+04  2.62604E-03  2.4E-06 28
  3.80000E+04  3.85000E+04  2.11530E-03  2.1E-06 29
  3.90000E+04  3.95000E+04  2.26297E-03  2.2E-06 30
  4.00000E+04  4.05000E+04  2.40176E-03  2.3E-06 31
  4.10000E+04  4.15000E+04  2.51905E-03  2.3E-06 32
  4.20000E+04  4.25000E+04  2.62712E-03  2.4E-06 33
  4.30000E+04  4.35000E+04  2.71709E-03  2.4E-06 34
  4.40000E+04  4.45000E+04  2.79959E-03  2.5E-06 35
  4.50000E+04  4.55000E+04  2.86839E-03  2.5E-06 36
  4.60000E+04  4.65000E+04  2.93264E-03  2.6E-06 37
  4.70000E+04  4.75000E+04  2.99507E-03  2.6E-06 38
  4.80000E+04  4.85000E+04  3.06569E-03  2.6E-06 39
  4.90000E+04  4.95000E+04  3.12897E-03  2.7E-06 40
  5.00000E+04  5.05000E+04  3.14904E-03  2.7E-06 41
  5.10000E+04  5.15000E+04  3.14083E-03  2.7E-06 42
  5.20000E+04  5.25000E+04  3.13029E-03  2.7E-06 43
  5.30000E+04  5.35000E+04  3.11886E-03  2.7E-06 44
  5.40000E+04  5.45000E+04  3.11424E-03  2.7E-06 45
  5.50000E+04  5.55000E+04  3.09959E-03  2.7E-06 46
  5.60000E+04  5.65000E+04  3.07744E-03  2.7E-06 47
  5.70000E+04  5.75000E+04  4.03921E-03  3.1E-06 48
  5.80000E+04  5.85000E+04  3.01437E-03  2.7E-06 49
  5.90000E+04  5.95000E+04  9.70779E-03  4.7E-06 50
  6.00000E+04  6.05000E+04  1.19176E-02  5.2E-06 51
  6.10000E+04  6.15000E+04  2.85221E-03  2.6E-06 52
  6.20000E+04  6.25000E+04  2.81006E-03  2.6E-06 53
  6.30000E+04  6.35000E+04  2.76584E-03  2.6E-06 54
  6.40000E+04  6.45000E+04  2.72101E-03  2.5E-06 55
  6.50000E+04  6.55000E+04  2.67467E-03  2.5E-06 56
  6.60000E+04  6.65000E+04  2.83407E-03  2.6E-06 57
  6.70000E+04  6.75000E+04  2.98107E-03  2.7E-06 58
  6.80000E+04  6.85000E+04  6.15571E-03  3.8E-06 59
  6.90000E+04  6.95000E+04  2.54523E-03  2.5E-06 60
  7.00000E+04  7.05000E+04  2.65411E-03  2.5E-06 61
  7.10000E+04  7.15000E+04  1.69687E-03  2.0E-06 62
  7.20000E+04  7.25000E+04  1.68538E-03  2.0E-06 63
  7.30000E+04  7.35000E+04  1.66784E-03  2.0E-06 64
  7.40000E+04  7.45000E+04  1.65388E-03  2.0E-06 65
  7.50000E+04  7.55000E+04  1.63150E-03  2.0E-06 66
  7.60000E+04  7.65000E+04  1.61110E-03  1.9E-06 67
  7.70000E+04  7.75000E+04  1.59037E-03  1.9E-06 68
  7.80000E+04  7.85000E+04  1.56983E-03  1.9E-06 69
  7.90000E+04  7.95000E+04  1.54302E-03  1.9E-06 70
  8.00000E+04  8.05000E+04  1.51906E-03  1.9E-06 71
 
# Performance report
#   Random seeds:
#   2027647989
#   1781410921
#   No. of histories simulated [N]:
#           309741090.
#   CPU time [t] (s):
#    2.03117E+03
#   Speed (histories/s):
#    1.52494E+05
#   Average uncertainty (above 1/2 max score) in % [uncert]:
#    5.33251E-02
#   Intrinsic efficiency [N*uncert^2]^-1:
#    1.13537E-06
#   Absolute efficiency [t*uncert^2]^-1:
#    1.73138E-01
