#>>>>>>>>>>>>>>>>>>>>>>>>>>>>>>>>>>>>>>>>>>>>>>>>>>>>>>>>>>>>
# [SECTION REPORT FLUENCE SPECTRUM]
# PHOTONS                                                                       
#
# The spectral fluence is integrated over the detector volume, its units are cm^3/(cm^2*eV)=cm/eV.
#
# Detection material:
#  3
# Number of energy bins:
#  71
# Linear energy scale, bin width (eV):
#      Infinity
#
# For plotting purposes, two energies per bin are given, namely, the low end and the middle point of each bin.
#
# Elow(eV) : Emiddle(eV) : fluence(cm/eV) : +-2sigma : nbin
  1.00000E+04  1.05000E+04  3.80365E-06  9.4E-08 1
  1.10000E+04  1.15000E+04  3.39553E-05  2.9E-07 2
  1.20000E+04  1.25000E+04  1.24892E-06  5.7E-08 3
  1.30000E+04  1.35000E+04  2.60630E-08  8.2E-09 4
  1.40000E+04  1.45000E+04  1.10501E-06  4.0E-08 5
  1.50000E+04  1.55000E+04  6.23533E-06  9.3E-08 6
  1.60000E+04  1.65000E+04  2.30759E-05  1.8E-07 7
  1.70000E+04  1.75000E+04  6.15064E-05  2.9E-07 8
  1.80000E+04  1.85000E+04  1.36618E-04  4.3E-07 9
  1.90000E+04  1.95000E+04  2.57493E-04  5.9E-07 10
  2.00000E+04  2.05000E+04  4.27882E-04  7.5E-07 11
  2.10000E+04  2.15000E+04  6.36457E-04  9.2E-07 12
  2.20000E+04  2.25000E+04  8.86153E-04  1.1E-06 13
  2.30000E+04  2.35000E+04  1.19140E-03  1.3E-06 14
  2.40000E+04  2.45000E+04  1.48762E-03  1.4E-06 15
  2.50000E+04  2.55000E+04  4.44613E-03  3.1E-06 16
  2.60000E+04  2.65000E+04  6.03940E-03  3.7E-06 17
  2.70000E+04  2.75000E+04  2.19704E-03  1.7E-06 18
  2.80000E+04  2.85000E+04  3.04769E-03  2.3E-06 19
  2.90000E+04  2.95000E+04  3.44673E-03  2.4E-06 20
  3.00000E+04  3.05000E+04  2.85619E-03  2.0E-06 21
  3.10000E+04  3.15000E+04  2.77278E-03  1.9E-06 22
  3.20000E+04  3.25000E+04  2.85588E-03  1.9E-06 23
  3.30000E+04  3.35000E+04  2.92748E-03  2.0E-06 24
  3.40000E+04  3.45000E+04  2.98161E-03  2.0E-06 25
  3.50000E+04  3.55000E+04  3.02648E-03  2.0E-06 26
  3.60000E+04  3.65000E+04  3.06062E-03  2.0E-06 27
  3.70000E+04  3.75000E+04  3.08384E-03  2.1E-06 28
  3.80000E+04  3.85000E+04  3.09875E-03  2.1E-06 29
  3.90000E+04  3.95000E+04  3.10465E-03  2.1E-06 30
  4.00000E+04  4.05000E+04  3.10845E-03  2.1E-06 31
  4.10000E+04  4.15000E+04  3.09033E-03  2.1E-06 32
  4.20000E+04  4.25000E+04  3.06643E-03  2.2E-06 33
  4.30000E+04  4.35000E+04  3.03728E-03  2.2E-06 34
  4.40000E+04  4.45000E+04  3.00669E-03  2.2E-06 35
  4.50000E+04  4.55000E+04  2.97011E-03  2.2E-06 36
  4.60000E+04  4.65000E+04  2.93437E-03  2.2E-06 37
  4.70000E+04  4.75000E+04  2.89689E-03  2.2E-06 38
  4.80000E+04  4.85000E+04  2.85823E-03  2.2E-06 39
  4.90000E+04  4.95000E+04  2.81278E-03  2.2E-06 40
  5.00000E+04  5.05000E+04  2.75596E-03  2.2E-06 41
  5.10000E+04  5.15000E+04  2.69444E-03  2.2E-06 42
  5.20000E+04  5.25000E+04  2.62721E-03  2.2E-06 43
  5.30000E+04  5.35000E+04  2.55923E-03  2.2E-06 44
  5.40000E+04  5.45000E+04  2.48920E-03  2.1E-06 45
  5.50000E+04  5.55000E+04  2.41595E-03  2.1E-06 46
  5.60000E+04  5.65000E+04  2.33972E-03  2.1E-06 47
  5.70000E+04  5.75000E+04  2.68674E-03  2.3E-06 48
  5.80000E+04  5.85000E+04  2.17688E-03  2.0E-06 49
  5.90000E+04  5.95000E+04  3.64021E-03  2.7E-06 50
  6.00000E+04  6.05000E+04  3.40537E-03  2.6E-06 51
  6.10000E+04  6.15000E+04  1.91073E-03  1.9E-06 52
  6.20000E+04  6.25000E+04  1.82096E-03  1.9E-06 53
  6.30000E+04  6.35000E+04  1.72785E-03  1.9E-06 54
  6.40000E+04  6.45000E+04  1.63714E-03  1.8E-06 55
  6.50000E+04  6.55000E+04  1.54489E-03  1.8E-06 56
  6.60000E+04  6.65000E+04  1.54479E-03  1.8E-06 57
  6.70000E+04  6.75000E+04  1.54783E-03  1.8E-06 58
  6.80000E+04  6.85000E+04  1.79472E-03  1.9E-06 59
  6.90000E+04  6.95000E+04  1.12394E-03  1.5E-06 60
  7.00000E+04  7.05000E+04  9.35340E-04  1.3E-06 61
  7.10000E+04  7.15000E+04  7.49519E-04  1.1E-06 62
  7.20000E+04  7.25000E+04  6.79967E-04  1.1E-06 63
  7.30000E+04  7.35000E+04  6.07794E-04  1.0E-06 64
  7.40000E+04  7.45000E+04  5.35603E-04  9.7E-07 65
  7.50000E+04  7.55000E+04  4.60260E-04  9.1E-07 66
  7.60000E+04  7.65000E+04  3.87386E-04  8.4E-07 67
  7.70000E+04  7.75000E+04  3.11881E-04  7.5E-07 68
  7.80000E+04  7.85000E+04  2.35055E-04  6.6E-07 69
  7.90000E+04  7.95000E+04  1.57460E-04  5.4E-07 70
  8.00000E+04  8.05000E+04  7.91674E-05  3.8E-07 71
 
# Performance report
#   Random seeds:
#   1866155472
#   1526309165
#   No. of histories simulated [N]:
#           330503410.
#   CPU time [t] (s):
#    2.00869E+03
#   Speed (histories/s):
#    1.64536E+05
#   Average uncertainty (above 1/2 max score) in % [uncert]:
#    6.95986E-02
#   Intrinsic efficiency [N*uncert^2]^-1:
#    6.24630E-07
#   Absolute efficiency [t*uncert^2]^-1:
#    1.02774E-01
