#>>>>>>>>>>>>>>>>>>>>>>>>>>>>>>>>>>>>>>>>>>>>>>>>>>>>>>>>>>>>
# [SECTION REPORT FLUENCE SPECTRUM]
# PHOTONS                                                                       
#
# The spectral fluence is integrated over the detector volume, its units are cm^3/(cm^2*eV)=cm/eV.
#
# Detection material:
#  3
# Number of energy bins:
#  71
# Linear energy scale, bin width (eV):
#      Infinity
#
# For plotting purposes, two energies per bin are given, namely, the low end and the middle point of each bin.
#
# Elow(eV) : Emiddle(eV) : fluence(cm/eV) : +-2sigma : nbin
  1.00000E+04  1.05000E+04  2.37122E-10  3.0E-10 1
  1.10000E+04  1.15000E+04  1.01268E-09  7.8E-10 2
  1.20000E+04  1.25000E+04  4.65645E-09  1.7E-09 3
  1.30000E+04  1.35000E+04  2.71496E-08  4.2E-09 4
  1.40000E+04  1.45000E+04  1.08551E-06  1.9E-08 5
  1.50000E+04  1.55000E+04  6.28992E-06  4.6E-08 6
  1.60000E+04  1.65000E+04  2.29934E-05  8.7E-08 7
  1.70000E+04  1.75000E+04  6.17879E-05  1.4E-07 8
  1.80000E+04  1.85000E+04  1.37290E-04  2.1E-07 9
  1.90000E+04  1.95000E+04  2.59693E-04  2.9E-07 10
  2.00000E+04  2.05000E+04  4.34018E-04  3.8E-07 11
  2.10000E+04  2.15000E+04  6.53107E-04  4.6E-07 12
  2.20000E+04  2.25000E+04  9.84395E-04  6.0E-07 13
  2.30000E+04  2.35000E+04  1.47854E-03  7.6E-07 14
  2.40000E+04  2.45000E+04  1.69846E-03  7.8E-07 15
  2.50000E+04  2.55000E+04  2.36650E-02  3.8E-06 16
  2.60000E+04  2.65000E+04  1.99140E-03  8.1E-07 17
  2.70000E+04  2.75000E+04  2.22616E-03  8.6E-07 18
  2.80000E+04  2.85000E+04  7.04184E-03  2.0E-06 19
  2.90000E+04  2.95000E+04  3.49733E-03  1.2E-06 20
  3.00000E+04  3.05000E+04  2.62787E-03  8.9E-07 21
  3.10000E+04  3.15000E+04  2.72884E-03  9.1E-07 22
  3.20000E+04  3.25000E+04  2.79935E-03  9.2E-07 23
  3.30000E+04  3.35000E+04  2.85030E-03  9.2E-07 24
  3.40000E+04  3.45000E+04  2.88182E-03  9.3E-07 25
  3.50000E+04  3.55000E+04  2.89902E-03  9.3E-07 26
  3.60000E+04  3.65000E+04  2.90275E-03  9.3E-07 27
  3.70000E+04  3.75000E+04  2.89492E-03  9.3E-07 28
  3.80000E+04  3.85000E+04  2.87524E-03  9.3E-07 29
  3.90000E+04  3.95000E+04  2.84543E-03  9.2E-07 30
  4.00000E+04  4.05000E+04  2.81000E-03  9.2E-07 31
  4.10000E+04  4.15000E+04  2.75610E-03  9.1E-07 32
  4.20000E+04  4.25000E+04  2.69619E-03  9.0E-07 33
  4.30000E+04  4.35000E+04  2.63301E-03  8.9E-07 34
  4.40000E+04  4.45000E+04  2.56745E-03  8.8E-07 35
  4.50000E+04  4.55000E+04  2.50121E-03  8.7E-07 36
  4.60000E+04  4.65000E+04  2.43553E-03  8.6E-07 37
  4.70000E+04  4.75000E+04  2.36848E-03  8.5E-07 38
  4.80000E+04  4.85000E+04  2.30322E-03  8.4E-07 39
  4.90000E+04  4.95000E+04  2.23789E-03  8.3E-07 40
  5.00000E+04  5.05000E+04  2.16879E-03  8.2E-07 41
  5.10000E+04  5.15000E+04  2.09672E-03  8.0E-07 42
  5.20000E+04  5.25000E+04  2.02399E-03  7.9E-07 43
  5.30000E+04  5.35000E+04  1.95145E-03  7.8E-07 44
  5.40000E+04  5.45000E+04  1.88227E-03  7.7E-07 45
  5.50000E+04  5.55000E+04  1.81217E-03  7.6E-07 46
  5.60000E+04  5.65000E+04  1.74404E-03  7.5E-07 47
  5.70000E+04  5.75000E+04  1.67616E-03  7.3E-07 48
  5.80000E+04  5.85000E+04  1.60814E-03  7.2E-07 49
  5.90000E+04  5.95000E+04  2.12029E-03  8.3E-07 50
  6.00000E+04  6.05000E+04  2.49816E-03  9.0E-07 51
  6.10000E+04  6.15000E+04  1.39733E-03  6.8E-07 52
  6.20000E+04  6.25000E+04  1.32852E-03  6.7E-07 53
  6.30000E+04  6.35000E+04  1.25958E-03  6.6E-07 54
  6.40000E+04  6.45000E+04  1.19239E-03  6.4E-07 55
  6.50000E+04  6.55000E+04  1.12559E-03  6.3E-07 56
  6.60000E+04  6.65000E+04  1.05757E-03  6.1E-07 57
  6.70000E+04  6.75000E+04  9.90441E-04  6.0E-07 58
  6.80000E+04  6.85000E+04  1.31176E-03  6.9E-07 59
  6.90000E+04  6.95000E+04  8.53940E-04  5.6E-07 60
  7.00000E+04  7.05000E+04  8.70773E-04  5.7E-07 61
  7.10000E+04  7.15000E+04  6.96744E-04  5.1E-07 62
  7.20000E+04  7.25000E+04  6.32130E-04  4.9E-07 63
  7.30000E+04  7.35000E+04  5.66093E-04  4.7E-07 64
  7.40000E+04  7.45000E+04  4.98582E-04  4.4E-07 65
  7.50000E+04  7.55000E+04  4.29368E-04  4.1E-07 66
  7.60000E+04  7.65000E+04  3.60702E-04  3.8E-07 67
  7.70000E+04  7.75000E+04  2.90066E-04  3.4E-07 68
  7.80000E+04  7.85000E+04  2.19265E-04  3.0E-07 69
  7.90000E+04  7.95000E+04  1.46356E-04  2.5E-07 70
  8.00000E+04  8.05000E+04  7.33894E-05  1.7E-07 71
 
# Performance report
#   Random seeds:
#    930323870
#    892109396
#   No. of histories simulated [N]:
#          1374819934.
#   CPU time [t] (s):
#    8.02095E+03
#   Speed (histories/s):
#    1.71404E+05
#   Average uncertainty (above 1/2 max score) in % [uncert]:
#    1.61038E-02
#   Intrinsic efficiency [N*uncert^2]^-1:
#    2.80476E-06
#   Absolute efficiency [t*uncert^2]^-1:
#    4.80747E-01
