#>>>>>>>>>>>>>>>>>>>>>>>>>>>>>>>>>>>>>>>>>>>>>>>>>>>>>>>>>>>>
# [SECTION REPORT FLUENCE SPECTRUM]
# PHOTONS                                                                       
#
# The spectral fluence is integrated over the detector volume, its units are cm^3/(cm^2*eV)=cm/eV.
#
# Detection material:
#  3
# Number of energy bins:
#  71
# Linear energy scale, bin width (eV):
#      Infinity
#
# For plotting purposes, two energies per bin are given, namely, the low end and the middle point of each bin.
#
# Elow(eV) : Emiddle(eV) : fluence(cm/eV) : +-2sigma : nbin
  1.00000E+04  1.05000E+04  4.68252E-04  1.1E-06 1
  1.10000E+04  1.15000E+04  1.07664E-05  1.7E-07 2
  1.20000E+04  1.25000E+04  2.44051E-04  8.0E-07 3
  1.30000E+04  1.35000E+04  5.96468E-04  1.3E-06 4
  1.40000E+04  1.45000E+04  6.16285E-06  1.2E-07 5
  1.50000E+04  1.55000E+04  1.32104E-04  6.0E-07 6
  1.60000E+04  1.65000E+04  1.64279E-05  1.7E-07 7
  1.70000E+04  1.75000E+04  3.31905E-05  2.1E-07 8
  1.80000E+04  1.85000E+04  7.60709E-05  3.2E-07 9
  1.90000E+04  1.95000E+04  1.48172E-04  4.4E-07 10
  2.00000E+04  2.05000E+04  2.53107E-04  5.8E-07 11
  2.10000E+04  2.15000E+04  3.85936E-04  7.1E-07 12
  2.20000E+04  2.25000E+04  5.47605E-04  8.5E-07 13
  2.30000E+04  2.35000E+04  7.37213E-04  9.9E-07 14
  2.40000E+04  2.45000E+04  9.25564E-04  1.1E-06 15
  2.50000E+04  2.55000E+04  2.21433E-03  2.1E-06 16
  2.60000E+04  2.65000E+04  1.31029E-03  1.3E-06 17
  2.70000E+04  2.75000E+04  1.49887E-03  1.4E-06 18
  2.80000E+04  2.85000E+04  1.93202E-03  1.7E-06 19
  2.90000E+04  2.95000E+04  1.88940E-03  1.6E-06 20
  3.00000E+04  3.05000E+04  1.97908E-03  1.6E-06 21
  3.10000E+04  3.15000E+04  2.09322E-03  1.7E-06 22
  3.20000E+04  3.25000E+04  2.18843E-03  1.7E-06 23
  3.30000E+04  3.35000E+04  2.27009E-03  1.7E-06 24
  3.40000E+04  3.45000E+04  2.34124E-03  1.8E-06 25
  3.50000E+04  3.55000E+04  2.40217E-03  1.8E-06 26
  3.60000E+04  3.65000E+04  2.45302E-03  1.9E-06 27
  3.70000E+04  3.75000E+04  2.49873E-03  1.9E-06 28
  3.80000E+04  3.85000E+04  2.53213E-03  1.9E-06 29
  3.90000E+04  3.95000E+04  2.56515E-03  1.9E-06 30
  4.00000E+04  4.05000E+04  2.58738E-03  2.0E-06 31
  4.10000E+04  4.15000E+04  2.59420E-03  2.0E-06 32
  4.20000E+04  4.25000E+04  2.59376E-03  2.0E-06 33
  4.30000E+04  4.35000E+04  2.59104E-03  2.0E-06 34
  4.40000E+04  4.45000E+04  2.58586E-03  2.0E-06 35
  4.50000E+04  4.55000E+04  2.57607E-03  2.1E-06 36
  4.60000E+04  4.65000E+04  2.56277E-03  2.1E-06 37
  4.70000E+04  4.75000E+04  2.55192E-03  2.1E-06 38
  4.80000E+04  4.85000E+04  2.54777E-03  2.1E-06 39
  4.90000E+04  4.95000E+04  2.54190E-03  2.1E-06 40
  5.00000E+04  5.05000E+04  2.51724E-03  2.1E-06 41
  5.10000E+04  5.15000E+04  2.47883E-03  2.1E-06 42
  5.20000E+04  5.25000E+04  2.43935E-03  2.1E-06 43
  5.30000E+04  5.35000E+04  2.40314E-03  2.1E-06 44
  5.40000E+04  5.45000E+04  2.36697E-03  2.1E-06 45
  5.50000E+04  5.55000E+04  2.33235E-03  2.1E-06 46
  5.60000E+04  5.65000E+04  2.29135E-03  2.1E-06 47
  5.70000E+04  5.75000E+04  2.25055E-03  2.1E-06 48
  5.80000E+04  5.85000E+04  2.20931E-03  2.1E-06 49
  5.90000E+04  5.95000E+04  4.71031E-03  3.0E-06 50
  6.00000E+04  6.05000E+04  6.64918E-03  3.6E-06 51
  6.10000E+04  6.15000E+04  2.04944E-03  2.0E-06 52
  6.20000E+04  6.25000E+04  1.99935E-03  2.0E-06 53
  6.30000E+04  6.35000E+04  1.95159E-03  2.0E-06 54
  6.40000E+04  6.45000E+04  1.89942E-03  2.0E-06 55
  6.50000E+04  6.55000E+04  1.84900E-03  1.9E-06 56
  6.60000E+04  6.65000E+04  1.80070E-03  1.9E-06 57
  6.70000E+04  6.75000E+04  1.74550E-03  1.9E-06 58
  6.80000E+04  6.85000E+04  3.43750E-03  2.7E-06 59
  6.90000E+04  6.95000E+04  1.63720E-03  1.9E-06 60
  7.00000E+04  7.05000E+04  1.92117E-03  2.0E-06 61
  7.10000E+04  7.15000E+04  1.39404E-03  1.7E-06 62
  7.20000E+04  7.25000E+04  1.35416E-03  1.7E-06 63
  7.30000E+04  7.35000E+04  1.31159E-03  1.7E-06 64
  7.40000E+04  7.45000E+04  1.48157E-03  1.8E-06 65
  7.50000E+04  7.55000E+04  1.22686E-03  1.6E-06 66
  7.60000E+04  7.65000E+04  1.18484E-03  1.6E-06 67
  7.70000E+04  7.75000E+04  1.50350E-03  1.8E-06 68
  7.80000E+04  7.85000E+04  1.09626E-03  1.5E-06 69
  7.90000E+04  7.95000E+04  1.05305E-03  1.5E-06 70
  8.00000E+04  8.05000E+04  1.00817E-03  1.5E-06 71
 
# Performance report
#   Random seeds:
#    605677804
#   1772374534
#   No. of histories simulated [N]:
#           330974078.
#   CPU time [t] (s):
#    2.01384E+03
#   Speed (histories/s):
#    1.64350E+05
#   Average uncertainty (above 1/2 max score) in % [uncert]:
#    6.57907E-02
#   Intrinsic efficiency [N*uncert^2]^-1:
#    6.98034E-07
#   Absolute efficiency [t*uncert^2]^-1:
#    1.14722E-01
