#>>>>>>>>>>>>>>>>>>>>>>>>>>>>>>>>>>>>>>>>>>>>>>>>>>>>>>>>>>>>
# [SECTION REPORT FLUENCE SPECTRUM]
# PHOTONS                                                                       
#
# The spectral fluence is integrated over the detector volume, its units are cm^3/(cm^2*eV)=cm/eV.
#
# Detection material:
#  3
# Number of energy bins:
#  71
# Linear energy scale, bin width (eV):
#      Infinity
#
# For plotting purposes, two energies per bin are given, namely, the low end and the middle point of each bin.
#
# Elow(eV) : Emiddle(eV) : fluence(cm/eV) : +-2sigma : nbin
  1.00000E+04  1.05000E+04  2.94288E-06  1.2E-07 1
  1.10000E+04  1.15000E+04  2.74519E-05  3.7E-07 2
  1.20000E+04  1.25000E+04  1.06622E-06  7.4E-08 3
  1.30000E+04  1.35000E+04  1.21015E-08  7.6E-09 4
  1.40000E+04  1.45000E+04  1.01767E-06  5.2E-08 5
  1.50000E+04  1.55000E+04  3.14830E-06  9.3E-08 6
  1.60000E+04  1.65000E+04  1.15950E-05  1.8E-07 7
  1.70000E+04  1.75000E+04  3.35534E-05  3.0E-07 8
  1.80000E+04  1.85000E+04  7.62736E-05  4.5E-07 9
  1.90000E+04  1.95000E+04  1.48647E-04  6.3E-07 10
  2.00000E+04  2.05000E+04  2.54703E-04  8.2E-07 11
  2.10000E+04  2.15000E+04  3.88596E-04  1.0E-06 12
  2.20000E+04  2.25000E+04  5.51671E-04  1.2E-06 13
  2.30000E+04  2.35000E+04  7.71796E-04  1.5E-06 14
  2.40000E+04  2.45000E+04  1.03017E-03  1.7E-06 15
  2.50000E+04  2.55000E+04  1.21752E-03  1.8E-06 16
  2.60000E+04  2.65000E+04  8.80755E-03  6.7E-06 17
  2.70000E+04  2.75000E+04  1.54282E-03  2.0E-06 18
  2.80000E+04  2.85000E+04  1.72617E-03  2.2E-06 19
  2.90000E+04  2.95000E+04  3.59940E-03  3.8E-06 20
  3.00000E+04  3.05000E+04  2.38303E-03  2.7E-06 21
  3.10000E+04  3.15000E+04  2.06556E-03  2.3E-06 22
  3.20000E+04  3.25000E+04  2.14944E-03  2.3E-06 23
  3.30000E+04  3.35000E+04  2.21700E-03  2.4E-06 24
  3.40000E+04  3.45000E+04  2.27347E-03  2.4E-06 25
  3.50000E+04  3.55000E+04  2.31828E-03  2.4E-06 26
  3.60000E+04  3.65000E+04  2.35490E-03  2.5E-06 27
  3.70000E+04  3.75000E+04  2.38155E-03  2.5E-06 28
  3.80000E+04  3.85000E+04  2.39587E-03  2.5E-06 29
  3.90000E+04  3.95000E+04  2.41008E-03  2.5E-06 30
  4.00000E+04  4.05000E+04  2.41828E-03  2.6E-06 31
  4.10000E+04  4.15000E+04  2.41153E-03  2.6E-06 32
  4.20000E+04  4.25000E+04  2.40235E-03  2.6E-06 33
  4.30000E+04  4.35000E+04  2.38635E-03  2.6E-06 34
  4.40000E+04  4.45000E+04  2.36905E-03  2.6E-06 35
  4.50000E+04  4.55000E+04  2.35411E-03  2.6E-06 36
  4.60000E+04  4.65000E+04  2.33787E-03  2.6E-06 37
  4.70000E+04  4.75000E+04  2.32735E-03  2.7E-06 38
  4.80000E+04  4.85000E+04  2.32873E-03  2.7E-06 39
  4.90000E+04  4.95000E+04  2.32234E-03  2.7E-06 40
  5.00000E+04  5.05000E+04  2.29335E-03  2.7E-06 41
  5.10000E+04  5.15000E+04  2.25875E-03  2.7E-06 42
  5.20000E+04  5.25000E+04  2.22119E-03  2.7E-06 43
  5.30000E+04  5.35000E+04  2.19089E-03  2.7E-06 44
  5.40000E+04  5.45000E+04  2.15974E-03  2.7E-06 45
  5.50000E+04  5.55000E+04  2.12812E-03  2.7E-06 46
  5.60000E+04  5.65000E+04  2.08951E-03  2.7E-06 47
  5.70000E+04  5.75000E+04  3.17617E-03  3.6E-06 48
  5.80000E+04  5.85000E+04  2.01255E-03  2.7E-06 49
  5.90000E+04  5.95000E+04  6.29329E-03  5.0E-06 50
  6.00000E+04  6.05000E+04  6.04542E-03  4.6E-06 51
  6.10000E+04  6.15000E+04  1.86516E-03  2.6E-06 52
  6.20000E+04  6.25000E+04  1.82535E-03  2.6E-06 53
  6.30000E+04  6.35000E+04  1.78245E-03  2.6E-06 54
  6.40000E+04  6.45000E+04  1.73783E-03  2.6E-06 55
  6.50000E+04  6.55000E+04  1.69634E-03  2.5E-06 56
  6.60000E+04  6.65000E+04  1.91154E-03  2.8E-06 57
  6.70000E+04  6.75000E+04  2.12053E-03  3.0E-06 58
  6.80000E+04  6.85000E+04  3.16520E-03  3.5E-06 59
  6.90000E+04  6.95000E+04  1.57431E-03  2.5E-06 60
  7.00000E+04  7.05000E+04  1.41818E-03  2.1E-06 61
  7.10000E+04  7.15000E+04  1.03374E-03  1.8E-06 62
  7.20000E+04  7.25000E+04  1.00642E-03  1.8E-06 63
  7.30000E+04  7.35000E+04  9.79246E-04  1.8E-06 64
  7.40000E+04  7.45000E+04  9.51145E-04  1.8E-06 65
  7.50000E+04  7.55000E+04  9.24391E-04  1.8E-06 66
  7.60000E+04  7.65000E+04  8.94807E-04  1.7E-06 67
  7.70000E+04  7.75000E+04  8.65525E-04  1.7E-06 68
  7.80000E+04  7.85000E+04  8.34612E-04  1.7E-06 69
  7.90000E+04  7.95000E+04  8.05927E-04  1.7E-06 70
  8.00000E+04  8.05000E+04  7.72595E-04  1.6E-06 71
 
# Performance report
#   Random seeds:
#   1081590683
#   2097123383
#   No. of histories simulated [N]:
#           166274819.
#   CPU time [t] (s):
#    1.01930E+03
#   Speed (histories/s):
#    1.63126E+05
#   Average uncertainty (above 1/2 max score) in % [uncert]:
#    7.71682E-02
#   Intrinsic efficiency [N*uncert^2]^-1:
#    1.00994E-06
#   Absolute efficiency [t*uncert^2]^-1:
#    1.64747E-01
