#>>>>>>>>>>>>>>>>>>>>>>>>>>>>>>>>>>>>>>>>>>>>>>>>>>>>>>>>>>>>
# [SECTION REPORT FLUENCE SPECTRUM]
# PHOTONS                                                                       
#
# The spectral fluence is integrated over the detector volume, its units are cm^3/(cm^2*eV)=cm/eV.
#
# Detection material:
#  3
# Number of energy bins:
#  71
# Linear energy scale, bin width (eV):
#      Infinity
#
# For plotting purposes, two energies per bin are given, namely, the low end and the middle point of each bin.
#
# Elow(eV) : Emiddle(eV) : fluence(cm/eV) : +-2sigma : nbin
  1.00000E+04  1.05000E+04  1.85200E-06  9.1E-08 1
  1.10000E+04  1.15000E+04  1.94682E-05  3.0E-07 2
  1.20000E+04  1.25000E+04  6.75915E-07  5.7E-08 3
  1.30000E+04  1.35000E+04  3.47434E-10  6.9E-10 4
  1.40000E+04  1.45000E+04  3.66931E-09  3.8E-09 5
  1.50000E+04  1.55000E+04  9.69739E-09  7.4E-09 6
  1.60000E+04  1.65000E+04  1.38776E-08  8.7E-09 7
  1.70000E+04  1.75000E+04  6.68441E-08  2.0E-08 8
  1.80000E+04  1.85000E+04  1.37151E-06  7.2E-08 9
  1.90000E+04  1.95000E+04  2.98962E-06  1.1E-07 10
  2.00000E+04  2.05000E+04  1.04664E-05  2.1E-07 11
  2.10000E+04  2.15000E+04  2.42632E-05  3.2E-07 12
  2.20000E+04  2.25000E+04  5.63315E-05  5.1E-07 13
  2.30000E+04  2.35000E+04  1.55060E-04  9.0E-07 14
  2.40000E+04  2.45000E+04  3.09825E-04  1.3E-06 15
  2.50000E+04  2.55000E+04  3.66433E-04  1.3E-06 16
  2.60000E+04  2.65000E+04  1.07030E-02  7.4E-06 17
  2.70000E+04  2.75000E+04  5.16121E-04  1.5E-06 18
  2.80000E+04  2.85000E+04  6.72192E-04  1.8E-06 19
  2.90000E+04  2.95000E+04  2.93392E-03  3.9E-06 20
  3.00000E+04  3.05000E+04  1.38304E-03  2.5E-06 21
  3.10000E+04  3.15000E+04  9.84085E-04  2.0E-06 22
  3.20000E+04  3.25000E+04  1.16369E-03  2.2E-06 23
  3.30000E+04  3.35000E+04  1.34715E-03  2.3E-06 24
  3.40000E+04  3.45000E+04  1.53598E-03  2.5E-06 25
  3.50000E+04  3.55000E+04  1.72106E-03  2.7E-06 26
  3.60000E+04  3.65000E+04  1.89956E-03  2.8E-06 27
  3.70000E+04  3.75000E+04  2.07148E-03  3.0E-06 28
  3.80000E+04  3.85000E+04  2.23236E-03  3.1E-06 29
  3.90000E+04  3.95000E+04  2.38940E-03  3.2E-06 30
  4.00000E+04  4.05000E+04  2.52859E-03  3.3E-06 31
  4.10000E+04  4.15000E+04  2.64672E-03  3.4E-06 32
  4.20000E+04  4.25000E+04  2.75383E-03  3.5E-06 33
  4.30000E+04  4.35000E+04  2.84609E-03  3.6E-06 34
  4.40000E+04  4.45000E+04  2.92190E-03  3.6E-06 35
  4.50000E+04  4.55000E+04  2.99201E-03  3.7E-06 36
  4.60000E+04  4.65000E+04  3.05323E-03  3.7E-06 37
  4.70000E+04  4.75000E+04  3.11125E-03  3.8E-06 38
  4.80000E+04  4.85000E+04  3.17409E-03  3.8E-06 39
  4.90000E+04  4.95000E+04  3.23145E-03  3.9E-06 40
  5.00000E+04  5.05000E+04  3.24569E-03  3.9E-06 41
  5.10000E+04  5.15000E+04  3.23573E-03  3.9E-06 42
  5.20000E+04  5.25000E+04  3.22244E-03  3.9E-06 43
  5.30000E+04  5.35000E+04  3.21127E-03  3.9E-06 44
  5.40000E+04  5.45000E+04  3.19571E-03  3.9E-06 45
  5.50000E+04  5.55000E+04  3.18042E-03  3.9E-06 46
  5.60000E+04  5.65000E+04  3.15465E-03  3.9E-06 47
  5.70000E+04  5.75000E+04  3.66582E-03  4.2E-06 48
  5.80000E+04  5.85000E+04  3.08175E-03  3.8E-06 49
  5.90000E+04  5.95000E+04  9.13260E-03  6.5E-06 50
  6.00000E+04  6.05000E+04  1.22453E-02  7.5E-06 51
  6.10000E+04  6.15000E+04  2.92004E-03  3.8E-06 52
  6.20000E+04  6.25000E+04  2.87233E-03  3.7E-06 53
  6.30000E+04  6.35000E+04  2.82753E-03  3.7E-06 54
  6.40000E+04  6.45000E+04  2.77785E-03  3.7E-06 55
  6.50000E+04  6.55000E+04  2.72960E-03  3.6E-06 56
  6.60000E+04  6.65000E+04  2.79215E-03  3.7E-06 57
  6.70000E+04  6.75000E+04  2.84457E-03  3.7E-06 58
  6.80000E+04  6.85000E+04  6.28186E-03  5.5E-06 59
  6.90000E+04  6.95000E+04  2.56029E-03  3.5E-06 60
  7.00000E+04  7.05000E+04  2.80480E-03  3.7E-06 61
  7.10000E+04  7.15000E+04  1.78639E-03  2.9E-06 62
  7.20000E+04  7.25000E+04  1.77158E-03  2.9E-06 63
  7.30000E+04  7.35000E+04  1.75612E-03  2.9E-06 64
  7.40000E+04  7.45000E+04  1.73557E-03  2.9E-06 65
  7.50000E+04  7.55000E+04  1.71076E-03  2.9E-06 66
  7.60000E+04  7.65000E+04  1.68679E-03  2.9E-06 67
  7.70000E+04  7.75000E+04  1.66370E-03  2.8E-06 68
  7.80000E+04  7.85000E+04  1.63846E-03  2.8E-06 69
  7.90000E+04  7.95000E+04  1.61222E-03  2.8E-06 70
  8.00000E+04  8.05000E+04  1.58426E-03  2.8E-06 71
 
# Performance report
#   Random seeds:
#   2025472018
#    367896554
#   No. of histories simulated [N]:
#           154387563.
#   CPU time [t] (s):
#    1.01078E+03
#   Speed (histories/s):
#    1.52741E+05
#   Average uncertainty (above 1/2 max score) in % [uncert]:
#    7.28278E-02
#   Intrinsic efficiency [N*uncert^2]^-1:
#    1.22122E-06
#   Absolute efficiency [t*uncert^2]^-1:
#    1.86530E-01
