#>>>>>>>>>>>>>>>>>>>>>>>>>>>>>>>>>>>>>>>>>>>>>>>>>>>>>>>>>>>>
# [SECTION REPORT FLUENCE SPECTRUM]
# PHOTONS                                                                       
#
# The spectral fluence is integrated over the detector volume, its units are cm^3/(cm^2*eV)=cm/eV.
#
# Detection material:
#  3
# Number of energy bins:
#  71
# Linear energy scale, bin width (eV):
#      Infinity
#
# For plotting purposes, two energies per bin are given, namely, the low end and the middle point of each bin.
#
# Elow(eV) : Emiddle(eV) : fluence(cm/eV) : +-2sigma : nbin
  1.00000E+04  1.05000E+04  3.36544E-06  1.2E-07 1
  1.10000E+04  1.15000E+04  3.00196E-05  3.7E-07 2
  1.20000E+04  1.25000E+04  1.13044E-06  7.2E-08 3
  1.30000E+04  1.35000E+04  2.34370E-08  1.1E-08 4
  1.40000E+04  1.45000E+04  1.05593E-06  5.3E-08 5
  1.50000E+04  1.55000E+04  6.11173E-06  1.3E-07 6
  1.60000E+04  1.65000E+04  2.26460E-05  2.4E-07 7
  1.70000E+04  1.75000E+04  6.16883E-05  4.0E-07 8
  1.80000E+04  1.85000E+04  1.37161E-04  5.9E-07 9
  1.90000E+04  1.95000E+04  2.59978E-04  8.2E-07 10
  2.00000E+04  2.05000E+04  4.35626E-04  1.1E-06 11
  2.10000E+04  2.15000E+04  6.52848E-04  1.3E-06 12
  2.20000E+04  2.25000E+04  9.07259E-04  1.6E-06 13
  2.30000E+04  2.35000E+04  1.19261E-03  1.8E-06 14
  2.40000E+04  2.45000E+04  1.50125E-03  2.1E-06 15
  2.50000E+04  2.55000E+04  1.81974E-03  2.3E-06 16
  2.60000E+04  2.65000E+04  2.14550E-03  2.5E-06 17
  2.70000E+04  2.75000E+04  2.46592E-03  2.7E-06 18
  2.80000E+04  2.85000E+04  2.77314E-03  2.9E-06 19
  2.90000E+04  2.95000E+04  3.06297E-03  3.1E-06 20
  3.00000E+04  3.05000E+04  3.33181E-03  3.3E-06 21
  3.10000E+04  3.15000E+04  3.54398E-03  3.5E-06 22
  3.20000E+04  3.25000E+04  3.71669E-03  3.6E-06 23
  3.30000E+04  3.35000E+04  3.87011E-03  3.7E-06 24
  3.40000E+04  3.45000E+04  3.99924E-03  3.8E-06 25
  3.50000E+04  3.55000E+04  4.10320E-03  3.9E-06 26
  3.60000E+04  3.65000E+04  4.18213E-03  3.9E-06 27
  3.70000E+04  3.75000E+04  4.24456E-03  4.0E-06 28
  3.80000E+04  3.85000E+04  4.28385E-03  4.0E-06 29
  3.90000E+04  3.95000E+04  4.30456E-03  4.1E-06 30
  4.00000E+04  4.05000E+04  4.31431E-03  4.1E-06 31
  4.10000E+04  4.15000E+04  4.29047E-03  4.1E-06 32
  4.20000E+04  4.25000E+04  4.24792E-03  4.1E-06 33
  4.30000E+04  4.35000E+04  4.18880E-03  4.1E-06 34
  4.40000E+04  4.45000E+04  4.13348E-03  4.1E-06 35
  4.50000E+04  4.55000E+04  4.06596E-03  4.0E-06 36
  4.60000E+04  4.65000E+04  3.99370E-03  4.0E-06 37
  4.70000E+04  4.75000E+04  3.91626E-03  4.0E-06 38
  4.80000E+04  4.85000E+04  3.83740E-03  4.0E-06 39
  4.90000E+04  4.95000E+04  3.75143E-03  3.9E-06 40
  5.00000E+04  5.05000E+04  3.64958E-03  3.9E-06 41
  5.10000E+04  5.15000E+04  3.53968E-03  3.8E-06 42
  5.20000E+04  5.25000E+04  3.42612E-03  3.8E-06 43
  5.30000E+04  5.35000E+04  3.31054E-03  3.7E-06 44
  5.40000E+04  5.45000E+04  3.19985E-03  3.7E-06 45
  5.50000E+04  5.55000E+04  3.08010E-03  3.6E-06 46
  5.60000E+04  5.65000E+04  2.95887E-03  3.5E-06 47
  5.70000E+04  5.75000E+04  3.29318E-03  3.8E-06 48
  5.80000E+04  5.85000E+04  2.72154E-03  3.4E-06 49
  5.90000E+04  5.95000E+04  4.37297E-03  4.3E-06 50
  6.00000E+04  6.05000E+04  4.19621E-03  4.2E-06 51
  6.10000E+04  6.15000E+04  2.33799E-03  3.2E-06 52
  6.20000E+04  6.25000E+04  2.21343E-03  3.1E-06 53
  6.30000E+04  6.35000E+04  2.08780E-03  3.0E-06 54
  6.40000E+04  6.45000E+04  1.96594E-03  2.9E-06 55
  6.50000E+04  6.55000E+04  1.84654E-03  2.8E-06 56
  6.60000E+04  6.65000E+04  1.81302E-03  2.8E-06 57
  6.70000E+04  6.75000E+04  1.78388E-03  2.8E-06 58
  6.80000E+04  6.85000E+04  2.10946E-03  3.0E-06 59
  6.90000E+04  6.95000E+04  1.33243E-03  2.4E-06 60
  7.00000E+04  7.05000E+04  1.16601E-03  2.1E-06 61
  7.10000E+04  7.15000E+04  9.27667E-04  1.9E-06 62
  7.20000E+04  7.25000E+04  8.41058E-04  1.8E-06 63
  7.30000E+04  7.35000E+04  7.49782E-04  1.7E-06 64
  7.40000E+04  7.45000E+04  6.57240E-04  1.6E-06 65
  7.50000E+04  7.55000E+04  5.64737E-04  1.5E-06 66
  7.60000E+04  7.65000E+04  4.72305E-04  1.4E-06 67
  7.70000E+04  7.75000E+04  3.79509E-04  1.2E-06 68
  7.80000E+04  7.85000E+04  2.84448E-04  1.1E-06 69
  7.90000E+04  7.95000E+04  1.90239E-04  8.8E-07 70
  8.00000E+04  8.05000E+04  9.48081E-05  6.2E-07 71
 
# Performance report
#   Random seeds:
#   2013209615
#    751464471
#   No. of histories simulated [N]:
#           173928822.
#   CPU time [t] (s):
#    1.04806E+03
#   Speed (histories/s):
#    1.65954E+05
#   Average uncertainty (above 1/2 max score) in % [uncert]:
#    1.05223E-01
#   Intrinsic efficiency [N*uncert^2]^-1:
#    5.19290E-07
#   Absolute efficiency [t*uncert^2]^-1:
#    8.61781E-02
