#>>>>>>>>>>>>>>>>>>>>>>>>>>>>>>>>>>>>>>>>>>>>>>>>>>>>>>>>>>>>
# [SECTION REPORT FLUENCE SPECTRUM]
# PHOTONS                                                                       
#
# The spectral fluence is integrated over the detector volume, its units are cm^3/(cm^2*eV)=cm/eV.
#
# Detection material:
#  3
# Number of energy bins:
#  71
# Linear energy scale, bin width (eV):
#      Infinity
#
# For plotting purposes, two energies per bin are given, namely, the low end and the middle point of each bin.
#
# Elow(eV) : Emiddle(eV) : fluence(cm/eV) : +-2sigma : nbin
  1.00000E+04  1.05000E+04  1.63081E-04  9.6E-07 1
  1.10000E+04  1.15000E+04  1.60192E-05  3.1E-07 2
  1.20000E+04  1.25000E+04  7.45306E-05  6.8E-07 3
  1.30000E+04  1.35000E+04  1.84561E-04  1.1E-06 4
  1.40000E+04  1.45000E+04  2.32997E-06  1.2E-07 5
  1.50000E+04  1.55000E+04  6.09858E-05  6.3E-07 6
  1.60000E+04  1.65000E+04  2.52871E-06  1.3E-07 7
  1.70000E+04  1.75000E+04  5.47350E-08  1.9E-08 8
  1.80000E+04  1.85000E+04  1.12668E-06  6.4E-08 9
  1.90000E+04  1.95000E+04  2.40541E-06  9.7E-08 10
  2.00000E+04  2.05000E+04  8.15023E-06  1.8E-07 11
  2.10000E+04  2.15000E+04  1.87544E-05  2.7E-07 12
  2.20000E+04  2.25000E+04  4.20964E-05  4.3E-07 13
  2.30000E+04  2.35000E+04  1.10589E-04  7.7E-07 14
  2.40000E+04  2.45000E+04  2.17319E-04  1.1E-06 15
  2.50000E+04  2.55000E+04  2.67095E-04  1.1E-06 16
  2.60000E+04  2.65000E+04  7.04509E-03  6.7E-06 17
  2.70000E+04  2.75000E+04  3.99229E-04  1.3E-06 18
  2.80000E+04  2.85000E+04  5.24304E-04  1.5E-06 19
  2.90000E+04  2.95000E+04  2.17050E-03  3.6E-06 20
  3.00000E+04  3.05000E+04  1.09244E-03  2.3E-06 21
  3.10000E+04  3.15000E+04  8.36655E-04  1.8E-06 22
  3.20000E+04  3.25000E+04  9.86213E-04  2.0E-06 23
  3.30000E+04  3.35000E+04  1.14031E-03  2.1E-06 24
  3.40000E+04  3.45000E+04  1.29598E-03  2.3E-06 25
  3.50000E+04  3.55000E+04  1.45532E-03  2.5E-06 26
  3.60000E+04  3.65000E+04  1.60790E-03  2.6E-06 27
  3.70000E+04  3.75000E+04  1.76088E-03  2.8E-06 28
  3.80000E+04  3.85000E+04  1.89945E-03  2.9E-06 29
  3.90000E+04  3.95000E+04  2.03827E-03  3.0E-06 30
  4.00000E+04  4.05000E+04  2.16936E-03  3.1E-06 31
  4.10000E+04  4.15000E+04  2.28042E-03  3.2E-06 32
  4.20000E+04  4.25000E+04  2.38030E-03  3.3E-06 33
  4.30000E+04  4.35000E+04  2.47100E-03  3.4E-06 34
  4.40000E+04  4.45000E+04  2.55515E-03  3.5E-06 35
  4.50000E+04  4.55000E+04  2.62506E-03  3.6E-06 36
  4.60000E+04  4.65000E+04  2.69127E-03  3.6E-06 37
  4.70000E+04  4.75000E+04  2.75487E-03  3.7E-06 38
  4.80000E+04  4.85000E+04  2.82556E-03  3.8E-06 39
  4.90000E+04  4.95000E+04  2.89373E-03  3.9E-06 40
  5.00000E+04  5.05000E+04  2.92366E-03  3.9E-06 41
  5.10000E+04  5.15000E+04  2.92029E-03  3.9E-06 42
  5.20000E+04  5.25000E+04  2.91789E-03  3.9E-06 43
  5.30000E+04  5.35000E+04  2.91680E-03  3.9E-06 44
  5.40000E+04  5.45000E+04  2.92114E-03  3.9E-06 45
  5.50000E+04  5.55000E+04  2.91399E-03  3.9E-06 46
  5.60000E+04  5.65000E+04  2.89599E-03  3.9E-06 47
  5.70000E+04  5.75000E+04  3.46993E-03  4.4E-06 48
  5.80000E+04  5.85000E+04  2.85600E-03  3.9E-06 49
  5.90000E+04  5.95000E+04  8.60232E-03  6.7E-06 50
  6.00000E+04  6.05000E+04  1.13367E-02  7.6E-06 51
  6.10000E+04  6.15000E+04  2.72120E-03  3.8E-06 52
  6.20000E+04  6.25000E+04  2.68869E-03  3.8E-06 53
  6.30000E+04  6.35000E+04  2.65037E-03  3.8E-06 54
  6.40000E+04  6.45000E+04  2.60651E-03  3.8E-06 55
  6.50000E+04  6.55000E+04  2.56875E-03  3.8E-06 56
  6.60000E+04  6.65000E+04  2.65745E-03  3.8E-06 57
  6.70000E+04  6.75000E+04  2.73209E-03  3.9E-06 58
  6.80000E+04  6.85000E+04  5.93293E-03  5.7E-06 59
  6.90000E+04  6.95000E+04  2.43042E-03  3.7E-06 60
  7.00000E+04  7.05000E+04  2.64042E-03  3.8E-06 61
  7.10000E+04  7.15000E+04  1.68606E-03  3.0E-06 62
  7.20000E+04  7.25000E+04  1.67396E-03  3.0E-06 63
  7.30000E+04  7.35000E+04  1.66338E-03  3.0E-06 64
  7.40000E+04  7.45000E+04  1.92200E-03  3.3E-06 65
  7.50000E+04  7.55000E+04  1.62349E-03  3.0E-06 66
  7.60000E+04  7.65000E+04  1.60219E-03  3.0E-06 67
  7.70000E+04  7.75000E+04  2.05727E-03  3.4E-06 68
  7.80000E+04  7.85000E+04  1.56209E-03  2.9E-06 69
  7.90000E+04  7.95000E+04  1.53659E-03  2.9E-06 70
  8.00000E+04  8.05000E+04  1.51442E-03  2.9E-06 71
 
# Performance report
#   Random seeds:
#    193115144
#    807153828
#   No. of histories simulated [N]:
#           131372783.
#   CPU time [t] (s):
#    8.51827E+02
#   Speed (histories/s):
#    1.54225E+05
#   Average uncertainty (above 1/2 max score) in % [uncert]:
#    8.48107E-02
#   Intrinsic efficiency [N*uncert^2]^-1:
#    1.05826E-06
#   Absolute efficiency [t*uncert^2]^-1:
#    1.63210E-01
