#>>>>>>>>>>>>>>>>>>>>>>>>>>>>>>>>>>>>>>>>>>>>>>>>>>>>>>>>>>>>
# [SECTION REPORT FLUENCE SPECTRUM]
# PHOTONS                                                                       
#
# The spectral fluence is integrated over the detector volume, its units are cm^3/(cm^2*eV)=cm/eV.
#
# Detection material:
#  3
# Number of energy bins:
#  71
# Linear energy scale, bin width (eV):
#      Infinity
#
# For plotting purposes, two energies per bin are given, namely, the low end and the middle point of each bin.
#
# Elow(eV) : Emiddle(eV) : fluence(cm/eV) : +-2sigma : nbin
  1.00000E+04  1.05000E+04  2.27363E-04  8.1E-07 1
  1.10000E+04  1.15000E+04  5.33768E-06  1.3E-07 2
  1.20000E+04  1.25000E+04  1.20772E-04  6.2E-07 3
  1.30000E+04  1.35000E+04  2.96929E-04  9.6E-07 4
  1.40000E+04  1.45000E+04  4.42777E-06  1.1E-07 5
  1.50000E+04  1.55000E+04  8.99957E-05  5.4E-07 6
  1.60000E+04  1.65000E+04  1.51488E-05  1.8E-07 7
  1.70000E+04  1.75000E+04  3.33394E-05  2.4E-07 8
  1.80000E+04  1.85000E+04  7.60945E-05  3.6E-07 9
  1.90000E+04  1.95000E+04  1.48171E-04  4.9E-07 10
  2.00000E+04  2.05000E+04  2.53975E-04  6.5E-07 11
  2.10000E+04  2.15000E+04  3.88257E-04  8.0E-07 12
  2.20000E+04  2.25000E+04  5.48197E-04  9.5E-07 13
  2.30000E+04  2.35000E+04  7.34498E-04  1.1E-06 14
  2.40000E+04  2.45000E+04  9.36921E-04  1.3E-06 15
  2.50000E+04  2.55000E+04  1.15224E-03  1.4E-06 16
  2.60000E+04  2.65000E+04  1.37456E-03  1.6E-06 17
  2.70000E+04  2.75000E+04  1.59324E-03  1.7E-06 18
  2.80000E+04  2.85000E+04  1.81402E-03  1.8E-06 19
  2.90000E+04  2.95000E+04  2.02512E-03  1.9E-06 20
  3.00000E+04  3.05000E+04  2.22593E-03  2.1E-06 21
  3.10000E+04  3.15000E+04  2.39153E-03  2.2E-06 22
  3.20000E+04  3.25000E+04  2.53897E-03  2.3E-06 23
  3.30000E+04  3.35000E+04  2.67187E-03  2.3E-06 24
  3.40000E+04  3.45000E+04  2.79129E-03  2.4E-06 25
  3.50000E+04  3.55000E+04  2.89587E-03  2.5E-06 26
  3.60000E+04  3.65000E+04  2.98509E-03  2.6E-06 27
  3.70000E+04  3.75000E+04  3.06243E-03  2.6E-06 28
  3.80000E+04  3.85000E+04  3.12658E-03  2.7E-06 29
  3.90000E+04  3.95000E+04  3.17294E-03  2.7E-06 30
  4.00000E+04  4.05000E+04  3.21444E-03  2.7E-06 31
  4.10000E+04  4.15000E+04  3.23114E-03  2.8E-06 32
  4.20000E+04  4.25000E+04  3.23310E-03  2.8E-06 33
  4.30000E+04  4.35000E+04  3.22695E-03  2.8E-06 34
  4.40000E+04  4.45000E+04  3.21594E-03  2.8E-06 35
  4.50000E+04  4.55000E+04  3.19682E-03  2.8E-06 36
  4.60000E+04  4.65000E+04  3.17196E-03  2.8E-06 37
  4.70000E+04  4.75000E+04  3.14912E-03  2.8E-06 38
  4.80000E+04  4.85000E+04  3.13708E-03  2.8E-06 39
  4.90000E+04  4.95000E+04  3.11180E-03  2.8E-06 40
  5.00000E+04  5.05000E+04  3.06985E-03  2.8E-06 41
  5.10000E+04  5.15000E+04  3.00923E-03  2.8E-06 42
  5.20000E+04  5.25000E+04  2.94614E-03  2.8E-06 43
  5.30000E+04  5.35000E+04  2.88720E-03  2.8E-06 44
  5.40000E+04  5.45000E+04  2.83187E-03  2.7E-06 45
  5.50000E+04  5.55000E+04  2.77444E-03  2.7E-06 46
  5.60000E+04  5.65000E+04  2.71328E-03  2.7E-06 47
  5.70000E+04  5.75000E+04  2.65059E-03  2.7E-06 48
  5.80000E+04  5.85000E+04  2.58864E-03  2.6E-06 49
  5.90000E+04  5.95000E+04  5.49335E-03  3.8E-06 50
  6.00000E+04  6.05000E+04  7.71814E-03  4.5E-06 51
  6.10000E+04  6.15000E+04  2.36893E-03  2.5E-06 52
  6.20000E+04  6.25000E+04  2.30134E-03  2.5E-06 53
  6.30000E+04  6.35000E+04  2.23287E-03  2.5E-06 54
  6.40000E+04  6.45000E+04  2.16906E-03  2.4E-06 55
  6.50000E+04  6.55000E+04  2.10303E-03  2.4E-06 56
  6.60000E+04  6.65000E+04  2.03701E-03  2.4E-06 57
  6.70000E+04  6.75000E+04  1.97009E-03  2.3E-06 58
  6.80000E+04  6.85000E+04  3.86719E-03  3.3E-06 59
  6.90000E+04  6.95000E+04  1.83313E-03  2.3E-06 60
  7.00000E+04  7.05000E+04  2.14152E-03  2.4E-06 61
  7.10000E+04  7.15000E+04  1.55095E-03  2.1E-06 62
  7.20000E+04  7.25000E+04  1.50137E-03  2.1E-06 63
  7.30000E+04  7.35000E+04  1.45084E-03  2.0E-06 64
  7.40000E+04  7.45000E+04  1.52402E-03  2.1E-06 65
  7.50000E+04  7.55000E+04  1.34952E-03  2.0E-06 66
  7.60000E+04  7.65000E+04  1.29696E-03  1.9E-06 67
  7.70000E+04  7.75000E+04  1.45632E-03  2.0E-06 68
  7.80000E+04  7.85000E+04  1.19465E-03  1.8E-06 69
  7.90000E+04  7.95000E+04  1.14451E-03  1.8E-06 70
  8.00000E+04  8.05000E+04  1.09162E-03  1.8E-06 71
 
# Performance report
#   Random seeds:
#   1109237860
#    546368659
#   No. of histories simulated [N]:
#           266766787.
#   CPU time [t] (s):
#    1.61647E+03
#   Speed (histories/s):
#    1.65030E+05
#   Average uncertainty (above 1/2 max score) in % [uncert]:
#    7.16262E-02
#   Intrinsic efficiency [N*uncert^2]^-1:
#    7.30675E-07
#   Absolute efficiency [t*uncert^2]^-1:
#    1.20583E-01
