#>>>>>>>>>>>>>>>>>>>>>>>>>>>>>>>>>>>>>>>>>>>>>>>>>>>>>>>>>>>>
# [SECTION REPORT FLUENCE SPECTRUM]
# PHOTONS                                                                       
#
# The spectral fluence is integrated over the detector volume, its units are cm^3/(cm^2*eV)=cm/eV.
#
# Detection material:
#  3
# Number of energy bins:
#  71
# Linear energy scale, bin width (eV):
#      Infinity
#
# For plotting purposes, two energies per bin are given, namely, the low end and the middle point of each bin.
#
# Elow(eV) : Emiddle(eV) : fluence(cm/eV) : +-2sigma : nbin
  1.00000E+04  1.05000E+04  2.20284E-04  1.1E-06 1
  1.10000E+04  1.15000E+04  4.97766E-06  1.7E-07 2
  1.20000E+04  1.25000E+04  1.19847E-04  8.6E-07 3
  1.30000E+04  1.35000E+04  2.87929E-04  1.3E-06 4
  1.40000E+04  1.45000E+04  2.73231E-06  1.3E-07 5
  1.50000E+04  1.55000E+04  7.05972E-05  6.7E-07 6
  1.60000E+04  1.65000E+04  3.08606E-06  1.4E-07 7
  1.70000E+04  1.75000E+04  2.52810E-08  1.2E-08 8
  1.80000E+04  1.85000E+04  1.09651E-06  6.0E-08 9
  1.90000E+04  1.95000E+04  2.25140E-06  8.7E-08 10
  2.00000E+04  2.05000E+04  7.74963E-06  1.6E-07 11
  2.10000E+04  2.15000E+04  1.65619E-05  2.3E-07 12
  2.20000E+04  2.25000E+04  3.36497E-05  3.3E-07 13
  2.30000E+04  2.35000E+04  6.20479E-05  4.5E-07 14
  2.40000E+04  2.45000E+04  1.01650E-04  5.7E-07 15
  2.50000E+04  2.55000E+04  1.57169E-04  7.1E-07 16
  2.60000E+04  2.65000E+04  2.27809E-04  8.5E-07 17
  2.70000E+04  2.75000E+04  3.12321E-04  9.9E-07 18
  2.80000E+04  2.85000E+04  4.11772E-04  1.1E-06 19
  2.90000E+04  2.95000E+04  5.23763E-04  1.3E-06 20
  3.00000E+04  3.05000E+04  6.43545E-04  1.4E-06 21
  3.10000E+04  3.15000E+04  7.64285E-04  1.5E-06 22
  3.20000E+04  3.25000E+04  8.86595E-04  1.7E-06 23
  3.30000E+04  3.35000E+04  1.01215E-03  1.8E-06 24
  3.40000E+04  3.45000E+04  1.13533E-03  1.9E-06 25
  3.50000E+04  3.55000E+04  1.25798E-03  2.0E-06 26
  3.60000E+04  3.65000E+04  1.37186E-03  2.1E-06 27
  3.70000E+04  3.75000E+04  1.48549E-03  2.2E-06 28
  3.80000E+04  3.85000E+04  1.59203E-03  2.3E-06 29
  3.90000E+04  3.95000E+04  1.69498E-03  2.4E-06 30
  4.00000E+04  4.05000E+04  1.79305E-03  2.5E-06 31
  4.10000E+04  4.15000E+04  1.87373E-03  2.5E-06 32
  4.20000E+04  4.25000E+04  1.95123E-03  2.6E-06 33
  4.30000E+04  4.35000E+04  2.02091E-03  2.7E-06 34
  4.40000E+04  4.45000E+04  2.08400E-03  2.8E-06 35
  4.50000E+04  4.55000E+04  2.14367E-03  2.8E-06 36
  4.60000E+04  4.65000E+04  2.19882E-03  2.9E-06 37
  4.70000E+04  4.75000E+04  2.25191E-03  2.9E-06 38
  4.80000E+04  4.85000E+04  2.31517E-03  3.0E-06 39
  4.90000E+04  4.95000E+04  2.37851E-03  3.1E-06 40
  5.00000E+04  5.05000E+04  2.40593E-03  3.1E-06 41
  5.10000E+04  5.15000E+04  2.41680E-03  3.2E-06 42
  5.20000E+04  5.25000E+04  2.42411E-03  3.2E-06 43
  5.30000E+04  5.35000E+04  2.43221E-03  3.2E-06 44
  5.40000E+04  5.45000E+04  2.44172E-03  3.2E-06 45
  5.50000E+04  5.55000E+04  2.44739E-03  3.2E-06 46
  5.60000E+04  5.65000E+04  2.44778E-03  3.3E-06 47
  5.70000E+04  5.75000E+04  2.44172E-03  3.3E-06 48
  5.80000E+04  5.85000E+04  2.43682E-03  3.3E-06 49
  5.90000E+04  5.95000E+04  6.43114E-03  5.3E-06 50
  6.00000E+04  6.05000E+04  9.66714E-03  6.4E-06 51
  6.10000E+04  6.15000E+04  2.35334E-03  3.3E-06 52
  6.20000E+04  6.25000E+04  2.33327E-03  3.3E-06 53
  6.30000E+04  6.35000E+04  2.31086E-03  3.3E-06 54
  6.40000E+04  6.45000E+04  2.28794E-03  3.3E-06 55
  6.50000E+04  6.55000E+04  2.26242E-03  3.3E-06 56
  6.60000E+04  6.65000E+04  2.23578E-03  3.2E-06 57
  6.70000E+04  6.75000E+04  2.20138E-03  3.2E-06 58
  6.80000E+04  6.85000E+04  5.23111E-03  4.9E-06 59
  6.90000E+04  6.95000E+04  2.11932E-03  3.2E-06 60
  7.00000E+04  7.05000E+04  2.47354E-03  3.4E-06 61
  7.10000E+04  7.15000E+04  1.59303E-03  2.8E-06 62
  7.20000E+04  7.25000E+04  1.58496E-03  2.8E-06 63
  7.30000E+04  7.35000E+04  1.57515E-03  2.8E-06 64
  7.40000E+04  7.45000E+04  2.88105E-03  3.9E-06 65
  7.50000E+04  7.55000E+04  1.54305E-03  2.8E-06 66
  7.60000E+04  7.65000E+04  1.52336E-03  2.8E-06 67
  7.70000E+04  7.75000E+04  3.77374E-03  4.5E-06 68
  7.80000E+04  7.85000E+04  1.48192E-03  2.7E-06 69
  7.90000E+04  7.95000E+04  1.46113E-03  2.7E-06 70
  8.00000E+04  8.05000E+04  1.43552E-03  2.7E-06 71
 
# Performance report
#   Random seeds:
#    674237203
#   1072146118
#   No. of histories simulated [N]:
#           141100030.
#   CPU time [t] (s):
#    8.65729E+02
#   Speed (histories/s):
#    1.62984E+05
#   Average uncertainty (above 1/2 max score) in % [uncert]:
#    8.16394E-02
#   Intrinsic efficiency [N*uncert^2]^-1:
#    1.06334E-06
#   Absolute efficiency [t*uncert^2]^-1:
#    1.73308E-01
