#>>>>>>>>>>>>>>>>>>>>>>>>>>>>>>>>>>>>>>>>>>>>>>>>>>>>>>>>>>>>
# [SECTION REPORT FLUENCE SPECTRUM]
# PHOTONS                                                                       
#
# The spectral fluence is integrated over the detector volume, its units are cm^3/(cm^2*eV)=cm/eV.
#
# Detection material:
#  3
# Number of energy bins:
#  71
# Linear energy scale, bin width (eV):
#      Infinity
#
# For plotting purposes, two energies per bin are given, namely, the low end and the middle point of each bin.
#
# Elow(eV) : Emiddle(eV) : fluence(cm/eV) : +-2sigma : nbin
  1.00000E+04  1.05000E+04  6.76455E-06  8.5E-08 1
  1.10000E+04  1.15000E+04  4.83457E-05  2.4E-07 2
  1.20000E+04  1.25000E+04  1.73720E-06  4.5E-08 3
  1.30000E+04  1.35000E+04  3.11291E-08  6.4E-09 4
  1.40000E+04  1.45000E+04  1.07580E-06  2.8E-08 5
  1.50000E+04  1.55000E+04  6.51170E-06  6.9E-08 6
  1.60000E+04  1.65000E+04  2.42128E-05  1.3E-07 7
  1.70000E+04  1.75000E+04  6.62639E-05  2.2E-07 8
  1.80000E+04  1.85000E+04  1.51492E-04  3.4E-07 9
  1.90000E+04  1.95000E+04  2.93845E-04  4.9E-07 10
  2.00000E+04  2.05000E+04  5.03792E-04  6.5E-07 11
  2.10000E+04  2.15000E+04  7.70141E-04  8.2E-07 12
  2.20000E+04  2.25000E+04  1.08877E-03  9.9E-07 13
  2.30000E+04  2.35000E+04  1.45007E-03  1.2E-06 14
  2.40000E+04  2.45000E+04  1.84241E-03  1.3E-06 15
  2.50000E+04  2.55000E+04  2.24954E-03  1.5E-06 16
  2.60000E+04  2.65000E+04  2.65603E-03  1.6E-06 17
  2.70000E+04  2.75000E+04  3.05225E-03  1.7E-06 18
  2.80000E+04  2.85000E+04  3.42313E-03  1.9E-06 19
  2.90000E+04  2.95000E+04  3.76515E-03  2.0E-06 20
  3.00000E+04  3.05000E+04  4.07303E-03  2.1E-06 21
  3.10000E+04  3.15000E+04  4.30270E-03  2.1E-06 22
  3.20000E+04  3.25000E+04  4.48298E-03  2.2E-06 23
  3.30000E+04  3.35000E+04  4.63108E-03  2.2E-06 24
  3.40000E+04  3.45000E+04  4.74534E-03  2.3E-06 25
  3.50000E+04  3.55000E+04  4.83342E-03  2.3E-06 26
  3.60000E+04  3.65000E+04  4.89402E-03  2.3E-06 27
  3.70000E+04  3.75000E+04  4.92635E-03  2.3E-06 28
  3.80000E+04  3.85000E+04  4.94184E-03  2.3E-06 29
  3.90000E+04  3.95000E+04  4.93206E-03  2.3E-06 30
  4.00000E+04  4.05000E+04  4.90884E-03  2.3E-06 31
  4.10000E+04  4.15000E+04  4.84808E-03  2.3E-06 32
  4.20000E+04  4.25000E+04  4.77039E-03  2.3E-06 33
  4.30000E+04  4.35000E+04  4.68545E-03  2.3E-06 34
  4.40000E+04  4.45000E+04  4.59224E-03  2.3E-06 35
  4.50000E+04  4.55000E+04  4.49324E-03  2.3E-06 36
  4.60000E+04  4.65000E+04  4.39005E-03  2.2E-06 37
  4.70000E+04  4.75000E+04  4.28315E-03  2.2E-06 38
  4.80000E+04  4.85000E+04  4.18046E-03  2.2E-06 39
  4.90000E+04  4.95000E+04  4.07219E-03  2.2E-06 40
  5.00000E+04  5.05000E+04  3.94829E-03  2.1E-06 41
  5.10000E+04  5.15000E+04  3.81421E-03  2.1E-06 42
  5.20000E+04  5.25000E+04  3.67703E-03  2.1E-06 43
  5.30000E+04  5.35000E+04  3.53996E-03  2.0E-06 44
  5.40000E+04  5.45000E+04  3.41175E-03  2.0E-06 45
  5.50000E+04  5.55000E+04  3.27366E-03  1.9E-06 46
  5.60000E+04  5.65000E+04  3.14065E-03  1.9E-06 47
  5.70000E+04  5.75000E+04  3.32039E-03  2.0E-06 48
  5.80000E+04  5.85000E+04  2.86580E-03  1.8E-06 49
  5.90000E+04  5.95000E+04  4.30154E-03  2.2E-06 50
  6.00000E+04  6.05000E+04  4.39140E-03  2.2E-06 51
  6.10000E+04  6.15000E+04  2.44568E-03  1.7E-06 52
  6.20000E+04  6.25000E+04  2.31007E-03  1.6E-06 53
  6.30000E+04  6.35000E+04  2.17535E-03  1.6E-06 54
  6.40000E+04  6.45000E+04  2.04418E-03  1.5E-06 55
  6.50000E+04  6.55000E+04  1.91329E-03  1.5E-06 56
  6.60000E+04  6.65000E+04  1.84517E-03  1.5E-06 57
  6.70000E+04  6.75000E+04  1.78010E-03  1.4E-06 58
  6.80000E+04  6.85000E+04  2.17461E-03  1.6E-06 59
  6.90000E+04  6.95000E+04  1.38511E-03  1.3E-06 60
  7.00000E+04  7.05000E+04  1.27990E-03  1.2E-06 61
  7.10000E+04  7.15000E+04  1.01921E-03  1.1E-06 62
  7.20000E+04  7.25000E+04  9.19672E-04  1.0E-06 63
  7.30000E+04  7.35000E+04  8.18809E-04  9.6E-07 64
  7.40000E+04  7.45000E+04  7.16757E-04  9.0E-07 65
  7.50000E+04  7.55000E+04  6.13191E-04  8.3E-07 66
  7.60000E+04  7.65000E+04  5.12182E-04  7.6E-07 67
  7.70000E+04  7.75000E+04  4.09567E-04  6.8E-07 68
  7.80000E+04  7.85000E+04  3.07430E-04  5.9E-07 69
  7.90000E+04  7.95000E+04  2.03751E-04  4.8E-07 70
  8.00000E+04  8.05000E+04  1.02029E-04  3.4E-07 71
 
# Performance report
#   Random seeds:
#   1177406917
#    261185211
#   No. of histories simulated [N]:
#           653647593.
#   CPU time [t] (s):
#    4.03753E+03
#   Speed (histories/s):
#    1.61893E+05
#   Average uncertainty (above 1/2 max score) in % [uncert]:
#    5.24796E-02
#   Intrinsic efficiency [N*uncert^2]^-1:
#    5.55490E-07
#   Absolute efficiency [t*uncert^2]^-1:
#    8.99299E-02
