#>>>>>>>>>>>>>>>>>>>>>>>>>>>>>>>>>>>>>>>>>>>>>>>>>>>>>>>>>>>>
# [SECTION REPORT FLUENCE SPECTRUM]
# PHOTONS                                                                       
#
# The spectral fluence is integrated over the detector volume, its units are cm^3/(cm^2*eV)=cm/eV.
#
# Detection material:
#  3
# Number of energy bins:
#  71
# Linear energy scale, bin width (eV):
#      Infinity
#
# For plotting purposes, two energies per bin are given, namely, the low end and the middle point of each bin.
#
# Elow(eV) : Emiddle(eV) : fluence(cm/eV) : +-2sigma : nbin
  1.00000E+04  1.05000E+04  1.87429E-09  3.7E-09 1
  1.10000E+04  1.15000E+04  1.36935E-09  2.0E-09 2
  1.20000E+04  1.25000E+04  5.75254E-09  5.7E-09 3
  1.30000E+04  1.35000E+04  2.24828E-08  1.1E-08 4
  1.40000E+04  1.45000E+04  1.06274E-06  5.6E-08 5
  1.50000E+04  1.55000E+04  3.15650E-06  9.6E-08 6
  1.60000E+04  1.65000E+04  1.18839E-05  1.9E-07 7
  1.70000E+04  1.75000E+04  3.40105E-05  3.1E-07 8
  1.80000E+04  1.85000E+04  7.80054E-05  4.8E-07 9
  1.90000E+04  1.95000E+04  1.53610E-04  6.7E-07 10
  2.00000E+04  2.05000E+04  2.66839E-04  9.0E-07 11
  2.10000E+04  2.15000E+04  4.19886E-04  1.1E-06 12
  2.20000E+04  2.25000E+04  6.34485E-04  1.5E-06 13
  2.30000E+04  2.35000E+04  9.41881E-04  1.8E-06 14
  2.40000E+04  2.45000E+04  1.16380E-03  2.0E-06 15
  2.50000E+04  2.55000E+04  8.79633E-03  6.6E-06 16
  2.60000E+04  2.65000E+04  1.61284E-03  2.4E-06 17
  2.70000E+04  2.75000E+04  1.89584E-03  2.6E-06 18
  2.80000E+04  2.85000E+04  3.93078E-03  4.2E-06 19
  2.90000E+04  2.95000E+04  2.68060E-03  3.2E-06 20
  3.00000E+04  3.05000E+04  2.43707E-03  2.9E-06 21
  3.10000E+04  3.15000E+04  7.86468E-03  6.1E-06 22
  3.20000E+04  3.25000E+04  1.25217E-02  7.8E-06 23
  3.30000E+04  3.35000E+04  2.77046E-03  3.1E-06 24
  3.40000E+04  3.45000E+04  2.87499E-03  3.2E-06 25
  3.50000E+04  3.55000E+04  2.97901E-03  3.3E-06 26
  3.60000E+04  3.65000E+04  6.46911E-03  5.4E-06 27
  3.70000E+04  3.75000E+04  3.55876E-03  3.7E-06 28
  3.80000E+04  3.85000E+04  2.41582E-03  2.6E-06 29
  3.90000E+04  3.95000E+04  2.43130E-03  2.6E-06 30
  4.00000E+04  4.05000E+04  2.44269E-03  2.7E-06 31
  4.10000E+04  4.15000E+04  2.43646E-03  2.7E-06 32
  4.20000E+04  4.25000E+04  2.43240E-03  2.7E-06 33
  4.30000E+04  4.35000E+04  2.42039E-03  2.7E-06 34
  4.40000E+04  4.45000E+04  2.40307E-03  2.7E-06 35
  4.50000E+04  4.55000E+04  2.39033E-03  2.7E-06 36
  4.60000E+04  4.65000E+04  2.37235E-03  2.8E-06 37
  4.70000E+04  4.75000E+04  2.35680E-03  2.8E-06 38
  4.80000E+04  4.85000E+04  2.35197E-03  2.8E-06 39
  4.90000E+04  4.95000E+04  2.34230E-03  2.8E-06 40
  5.00000E+04  5.05000E+04  2.31996E-03  2.8E-06 41
  5.10000E+04  5.15000E+04  2.28148E-03  2.8E-06 42
  5.20000E+04  5.25000E+04  2.24862E-03  2.8E-06 43
  5.30000E+04  5.35000E+04  2.21283E-03  2.8E-06 44
  5.40000E+04  5.45000E+04  2.18153E-03  2.8E-06 45
  5.50000E+04  5.55000E+04  2.15069E-03  2.8E-06 46
  5.60000E+04  5.65000E+04  2.11455E-03  2.8E-06 47
  5.70000E+04  5.75000E+04  2.07810E-03  2.8E-06 48
  5.80000E+04  5.85000E+04  2.04102E-03  2.8E-06 49
  5.90000E+04  5.95000E+04  4.35602E-03  4.0E-06 50
  6.00000E+04  6.05000E+04  6.15807E-03  4.8E-06 51
  6.10000E+04  6.15000E+04  1.90052E-03  2.7E-06 52
  6.20000E+04  6.25000E+04  1.85722E-03  2.7E-06 53
  6.30000E+04  6.35000E+04  1.81430E-03  2.7E-06 54
  6.40000E+04  6.45000E+04  1.76900E-03  2.7E-06 55
  6.50000E+04  6.55000E+04  1.72503E-03  2.6E-06 56
  6.60000E+04  6.65000E+04  1.68322E-03  2.6E-06 57
  6.70000E+04  6.75000E+04  1.63499E-03  2.6E-06 58
  6.80000E+04  6.85000E+04  3.22518E-03  3.6E-06 59
  6.90000E+04  6.95000E+04  1.53897E-03  2.5E-06 60
  7.00000E+04  7.05000E+04  1.80588E-03  2.8E-06 61
  7.10000E+04  7.15000E+04  1.31314E-03  2.4E-06 62
  7.20000E+04  7.25000E+04  1.27534E-03  2.3E-06 63
  7.30000E+04  7.35000E+04  1.24026E-03  2.3E-06 64
  7.40000E+04  7.45000E+04  1.20129E-03  2.3E-06 65
  7.50000E+04  7.55000E+04  1.16159E-03  2.2E-06 66
  7.60000E+04  7.65000E+04  1.12260E-03  2.2E-06 67
  7.70000E+04  7.75000E+04  1.08386E-03  2.2E-06 68
  7.80000E+04  7.85000E+04  1.04539E-03  2.1E-06 69
  7.90000E+04  7.95000E+04  1.00367E-03  2.1E-06 70
  8.00000E+04  8.05000E+04  9.60934E-04  2.1E-06 71
 
# Performance report
#   Random seeds:
#      1039627
#   1479708286
#   No. of histories simulated [N]:
#           158204071.
#   CPU time [t] (s):
#    1.01512E+03
#   Speed (histories/s):
#    1.55848E+05
#   Average uncertainty (above 1/2 max score) in % [uncert]:
#    7.53427E-02
#   Intrinsic efficiency [N*uncert^2]^-1:
#    1.11353E-06
#   Absolute efficiency [t*uncert^2]^-1:
#    1.73540E-01
