#>>>>>>>>>>>>>>>>>>>>>>>>>>>>>>>>>>>>>>>>>>>>>>>>>>>>>>>>>>>>
# [SECTION REPORT FLUENCE SPECTRUM]
# PHOTONS                                                                       
#
# The spectral fluence is integrated over the detector volume, its units are cm^3/(cm^2*eV)=cm/eV.
#
# Detection material:
#  3
# Number of energy bins:
#  71
# Linear energy scale, bin width (eV):
#      Infinity
#
# For plotting purposes, two energies per bin are given, namely, the low end and the middle point of each bin.
#
# Elow(eV) : Emiddle(eV) : fluence(cm/eV) : +-2sigma : nbin
  1.00000E+04  1.05000E+04  6.28590E-10  9.2E-10 1
  1.10000E+04  1.15000E+04  5.07501E-10  8.1E-10 2
  1.20000E+04  1.25000E+04  2.06761E-09  2.1E-09 3
  1.30000E+04  1.35000E+04  3.67587E-09  2.9E-09 4
  1.40000E+04  1.45000E+04  2.10569E-09  1.8E-09 5
  1.50000E+04  1.55000E+04  5.34628E-09  3.3E-09 6
  1.60000E+04  1.65000E+04  1.64016E-08  5.7E-09 7
  1.70000E+04  1.75000E+04  6.01046E-08  1.1E-08 8
  1.80000E+04  1.85000E+04  1.10562E-06  3.3E-08 9
  1.90000E+04  1.95000E+04  2.37205E-06  5.0E-08 10
  2.00000E+04  2.05000E+04  7.82008E-06  8.8E-08 11
  2.10000E+04  2.15000E+04  1.67469E-05  1.3E-07 12
  2.20000E+04  2.25000E+04  3.42677E-05  1.8E-07 13
  2.30000E+04  2.35000E+04  6.29926E-05  2.5E-07 14
  2.40000E+04  2.45000E+04  1.04312E-04  3.2E-07 15
  2.50000E+04  2.55000E+04  1.64332E-04  4.1E-07 16
  2.60000E+04  2.65000E+04  2.45453E-04  5.0E-07 17
  2.70000E+04  2.75000E+04  3.57530E-04  6.2E-07 18
  2.80000E+04  2.85000E+04  6.24142E-04  9.1E-07 19
  2.90000E+04  2.95000E+04  8.11971E-04  1.0E-06 20
  3.00000E+04  3.05000E+04  9.07702E-04  1.0E-06 21
  3.10000E+04  3.15000E+04  9.18465E-03  4.1E-06 22
  3.20000E+04  3.25000E+04  1.63520E-02  5.4E-06 23
  3.30000E+04  3.35000E+04  1.16927E-03  1.1E-06 24
  3.40000E+04  3.45000E+04  1.31078E-03  1.2E-06 25
  3.50000E+04  3.55000E+04  1.46123E-03  1.3E-06 26
  3.60000E+04  3.65000E+04  6.92315E-03  3.4E-06 27
  3.70000E+04  3.75000E+04  2.87811E-03  2.0E-06 28
  3.80000E+04  3.85000E+04  1.49815E-03  1.2E-06 29
  3.90000E+04  3.95000E+04  1.57743E-03  1.2E-06 30
  4.00000E+04  4.05000E+04  1.64681E-03  1.2E-06 31
  4.10000E+04  4.15000E+04  1.70446E-03  1.2E-06 32
  4.20000E+04  4.25000E+04  1.74979E-03  1.2E-06 33
  4.30000E+04  4.35000E+04  1.78967E-03  1.3E-06 34
  4.40000E+04  4.45000E+04  1.82325E-03  1.3E-06 35
  4.50000E+04  4.55000E+04  1.85014E-03  1.3E-06 36
  4.60000E+04  4.65000E+04  1.87157E-03  1.3E-06 37
  4.70000E+04  4.75000E+04  1.89002E-03  1.3E-06 38
  4.80000E+04  4.85000E+04  1.91558E-03  1.3E-06 39
  4.90000E+04  4.95000E+04  1.93933E-03  1.3E-06 40
  5.00000E+04  5.05000E+04  1.94239E-03  1.3E-06 41
  5.10000E+04  5.15000E+04  1.93415E-03  1.3E-06 42
  5.20000E+04  5.25000E+04  1.92239E-03  1.3E-06 43
  5.30000E+04  5.35000E+04  1.91297E-03  1.3E-06 44
  5.40000E+04  5.45000E+04  1.90589E-03  1.3E-06 45
  5.50000E+04  5.55000E+04  1.89492E-03  1.3E-06 46
  5.60000E+04  5.65000E+04  1.88165E-03  1.3E-06 47
  5.70000E+04  5.75000E+04  1.86692E-03  1.3E-06 48
  5.80000E+04  5.85000E+04  1.85269E-03  1.3E-06 49
  5.90000E+04  5.95000E+04  4.90962E-03  2.1E-06 50
  6.00000E+04  6.05000E+04  7.37464E-03  2.6E-06 51
  6.10000E+04  6.15000E+04  1.77457E-03  1.3E-06 52
  6.20000E+04  6.25000E+04  1.75556E-03  1.3E-06 53
  6.30000E+04  6.35000E+04  1.73574E-03  1.3E-06 54
  6.40000E+04  6.45000E+04  1.71648E-03  1.3E-06 55
  6.50000E+04  6.55000E+04  1.69648E-03  1.3E-06 56
  6.60000E+04  6.65000E+04  1.67569E-03  1.3E-06 57
  6.70000E+04  6.75000E+04  1.65511E-03  1.3E-06 58
  6.80000E+04  6.85000E+04  3.96626E-03  2.1E-06 59
  6.90000E+04  6.95000E+04  1.60588E-03  1.3E-06 60
  7.00000E+04  7.05000E+04  1.87778E-03  1.4E-06 61
  7.10000E+04  7.15000E+04  1.20890E-03  1.2E-06 62
  7.20000E+04  7.25000E+04  1.20500E-03  1.2E-06 63
  7.30000E+04  7.35000E+04  1.20001E-03  1.2E-06 64
  7.40000E+04  7.45000E+04  1.19540E-03  1.2E-06 65
  7.50000E+04  7.55000E+04  1.18717E-03  1.2E-06 66
  7.60000E+04  7.65000E+04  1.17874E-03  1.2E-06 67
  7.70000E+04  7.75000E+04  1.17016E-03  1.2E-06 68
  7.80000E+04  7.85000E+04  1.16037E-03  1.2E-06 69
  7.90000E+04  7.95000E+04  1.14663E-03  1.2E-06 70
  8.00000E+04  8.05000E+04  1.13447E-03  1.2E-06 71
 
# Performance report
#   Random seeds:
#    624957362
#    508785611
#   No. of histories simulated [N]:
#           472057891.
#   CPU time [t] (s):
#    2.87710E+03
#   Speed (histories/s):
#    1.64074E+05
#   Average uncertainty (above 1/2 max score) in % [uncert]:
#    3.92311E-02
#   Intrinsic efficiency [N*uncert^2]^-1:
#    1.37639E-06
#   Absolute efficiency [t*uncert^2]^-1:
#    2.25831E-01
