#>>>>>>>>>>>>>>>>>>>>>>>>>>>>>>>>>>>>>>>>>>>>>>>>>>>>>>>>>>>>
# [SECTION REPORT FLUENCE SPECTRUM]
# PHOTONS                                                                       
#
# The spectral fluence is integrated over the detector volume, its units are cm^3/(cm^2*eV)=cm/eV.
#
# Detection material:
#  3
# Number of energy bins:
#  71
# Linear energy scale, bin width (eV):
#      Infinity
#
# For plotting purposes, two energies per bin are given, namely, the low end and the middle point of each bin.
#
# Elow(eV) : Emiddle(eV) : fluence(cm/eV) : +-2sigma : nbin
  1.00000E+04  1.05000E+04  3.15642E-04  5.4E-07 1
  1.10000E+04  1.15000E+04  8.98663E-06  9.2E-08 2
  1.20000E+04  1.25000E+04  5.49092E-04  7.5E-07 3
  1.30000E+04  1.35000E+04  1.74733E-05  1.3E-07 4
  1.40000E+04  1.45000E+04  5.23215E-05  2.4E-07 5
  1.50000E+04  1.55000E+04  2.31137E-05  1.6E-07 6
  1.60000E+04  1.65000E+04  7.37552E-09  2.8E-09 7
  1.70000E+04  1.75000E+04  4.75219E-08  6.9E-09 8
  1.80000E+04  1.85000E+04  1.09407E-06  2.4E-08 9
  1.90000E+04  1.95000E+04  2.29961E-06  3.5E-08 10
  2.00000E+04  2.05000E+04  7.62830E-06  6.3E-08 11
  2.10000E+04  2.15000E+04  1.64711E-05  9.2E-08 12
  2.20000E+04  2.25000E+04  3.36758E-05  1.3E-07 13
  2.30000E+04  2.35000E+04  6.14886E-05  1.8E-07 14
  2.40000E+04  2.45000E+04  1.01069E-04  2.2E-07 15
  2.50000E+04  2.55000E+04  1.56452E-04  2.8E-07 16
  2.60000E+04  2.65000E+04  2.26725E-04  3.3E-07 17
  2.70000E+04  2.75000E+04  3.11140E-04  3.9E-07 18
  2.80000E+04  2.85000E+04  4.09731E-04  4.5E-07 19
  2.90000E+04  2.95000E+04  5.20479E-04  5.0E-07 20
  3.00000E+04  3.05000E+04  6.38515E-04  5.6E-07 21
  3.10000E+04  3.15000E+04  7.57038E-04  6.1E-07 22
  3.20000E+04  3.25000E+04  8.75591E-04  6.5E-07 23
  3.30000E+04  3.35000E+04  9.94672E-04  6.9E-07 24
  3.40000E+04  3.45000E+04  1.11079E-03  7.3E-07 25
  3.50000E+04  3.55000E+04  1.22038E-03  7.7E-07 26
  3.60000E+04  3.65000E+04  1.32398E-03  8.0E-07 27
  3.70000E+04  3.75000E+04  1.41955E-03  8.2E-07 28
  3.80000E+04  3.85000E+04  1.50853E-03  8.5E-07 29
  3.90000E+04  3.95000E+04  1.58666E-03  8.7E-07 30
  4.00000E+04  4.05000E+04  1.65745E-03  8.9E-07 31
  4.10000E+04  4.15000E+04  1.71338E-03  9.0E-07 32
  4.20000E+04  4.25000E+04  1.75949E-03  9.1E-07 33
  4.30000E+04  4.35000E+04  1.79833E-03  9.2E-07 34
  4.40000E+04  4.45000E+04  1.82868E-03  9.3E-07 35
  4.50000E+04  4.55000E+04  1.85404E-03  9.4E-07 36
  4.60000E+04  4.65000E+04  1.87210E-03  9.4E-07 37
  4.70000E+04  4.75000E+04  1.88900E-03  9.5E-07 38
  4.80000E+04  4.85000E+04  1.91015E-03  9.6E-07 39
  4.90000E+04  4.95000E+04  1.92763E-03  9.7E-07 40
  5.00000E+04  5.05000E+04  1.92410E-03  9.6E-07 41
  5.10000E+04  5.15000E+04  1.91029E-03  9.6E-07 42
  5.20000E+04  5.25000E+04  1.89150E-03  9.5E-07 43
  5.30000E+04  5.35000E+04  1.87317E-03  9.5E-07 44
  5.40000E+04  5.45000E+04  1.85727E-03  9.4E-07 45
  5.50000E+04  5.55000E+04  1.83686E-03  9.4E-07 46
  5.60000E+04  5.65000E+04  1.81597E-03  9.3E-07 47
  5.70000E+04  5.75000E+04  1.79458E-03  9.3E-07 48
  5.80000E+04  5.85000E+04  1.77276E-03  9.2E-07 49
  5.90000E+04  5.95000E+04  4.63803E-03  1.4E-06 50
  6.00000E+04  6.05000E+04  6.90699E-03  1.7E-06 51
  6.10000E+04  6.15000E+04  1.66029E-03  8.9E-07 52
  6.20000E+04  6.25000E+04  1.63009E-03  8.8E-07 53
  6.30000E+04  6.35000E+04  1.59858E-03  8.7E-07 54
  6.40000E+04  6.45000E+04  1.57034E-03  8.7E-07 55
  6.50000E+04  6.55000E+04  1.53929E-03  8.6E-07 56
  6.60000E+04  6.65000E+04  1.50942E-03  8.5E-07 57
  6.70000E+04  6.75000E+04  1.47810E-03  8.4E-07 58
  6.80000E+04  6.85000E+04  3.49290E-03  1.3E-06 59
  6.90000E+04  6.95000E+04  1.41106E-03  8.2E-07 60
  7.00000E+04  7.05000E+04  1.63598E-03  8.9E-07 61
  7.10000E+04  7.15000E+04  1.04959E-03  7.2E-07 62
  7.20000E+04  7.25000E+04  2.48786E-03  1.4E-06 63
  7.30000E+04  7.35000E+04  1.02437E-03  7.1E-07 64
  7.40000E+04  7.45000E+04  3.54303E-03  1.8E-06 65
  7.50000E+04  7.55000E+04  9.93285E-04  7.0E-07 66
  7.60000E+04  7.65000E+04  9.80594E-04  7.0E-07 67
  7.70000E+04  7.75000E+04  9.68933E-04  7.0E-07 68
  7.80000E+04  7.85000E+04  9.54979E-04  6.9E-07 69
  7.90000E+04  7.95000E+04  9.40728E-04  6.9E-07 70
  8.00000E+04  8.05000E+04  9.26852E-04  6.9E-07 71
 
# Performance report
#   Random seeds:
#    569935868
#   1798040777
#   No. of histories simulated [N]:
#           896118072.
#   CPU time [t] (s):
#    5.02668E+03
#   Speed (histories/s):
#    1.78272E+05
#   Average uncertainty (above 1/2 max score) in % [uncert]:
#    3.70164E-02
#   Intrinsic efficiency [N*uncert^2]^-1:
#    8.14416E-07
#   Absolute efficiency [t*uncert^2]^-1:
#    1.45188E-01
