#>>>>>>>>>>>>>>>>>>>>>>>>>>>>>>>>>>>>>>>>>>>>>>>>>>>>>>>>>>>>
# [SECTION REPORT FLUENCE SPECTRUM]
# PHOTONS                                                                       
#
# The spectral fluence is integrated over the detector volume, its units are cm^3/(cm^2*eV)=cm/eV.
#
# Detection material:
#  3
# Number of energy bins:
#  71
# Linear energy scale, bin width (eV):
#      Infinity
#
# For plotting purposes, two energies per bin are given, namely, the low end and the middle point of each bin.
#
# Elow(eV) : Emiddle(eV) : fluence(cm/eV) : +-2sigma : nbin
  1.00000E+04  1.05000E+04  2.78125E-04  1.0E-06 1
  1.10000E+04  1.15000E+04  6.52950E-06  1.6E-07 2
  1.20000E+04  1.25000E+04  1.44046E-04  7.7E-07 3
  1.30000E+04  1.35000E+04  3.60178E-04  1.2E-06 4
  1.40000E+04  1.45000E+04  5.79215E-06  1.5E-07 5
  1.50000E+04  1.55000E+04  1.15930E-04  7.0E-07 6
  1.60000E+04  1.65000E+04  1.71417E-05  2.3E-07 7
  1.70000E+04  1.75000E+04  3.78362E-05  3.3E-07 8
  1.80000E+04  1.85000E+04  8.97267E-05  5.1E-07 9
  1.90000E+04  1.95000E+04  1.80088E-04  7.4E-07 10
  2.00000E+04  2.05000E+04  3.19839E-04  1.0E-06 11
  2.10000E+04  2.15000E+04  5.06174E-04  1.3E-06 12
  2.20000E+04  2.25000E+04  7.43370E-04  1.6E-06 13
  2.30000E+04  2.35000E+04  1.07992E-03  2.0E-06 14
  2.40000E+04  2.45000E+04  1.49137E-03  2.3E-06 15
  2.50000E+04  2.55000E+04  1.77412E-03  2.5E-06 16
  2.60000E+04  2.65000E+04  1.42545E-02  7.5E-06 17
  2.70000E+04  2.75000E+04  2.30891E-03  2.9E-06 18
  2.80000E+04  2.85000E+04  2.60791E-03  3.1E-06 19
  2.90000E+04  2.95000E+04  5.37624E-03  4.6E-06 20
  3.00000E+04  3.05000E+04  3.33734E-03  3.4E-06 21
  3.10000E+04  3.15000E+04  2.63327E-03  2.8E-06 22
  3.20000E+04  3.25000E+04  2.79398E-03  3.0E-06 23
  3.30000E+04  3.35000E+04  2.93792E-03  3.1E-06 24
  3.40000E+04  3.45000E+04  3.06390E-03  3.2E-06 25
  3.50000E+04  3.55000E+04  3.17297E-03  3.2E-06 26
  3.60000E+04  3.65000E+04  3.26582E-03  3.3E-06 27
  3.70000E+04  3.75000E+04  3.34229E-03  3.4E-06 28
  3.80000E+04  3.85000E+04  3.39909E-03  3.4E-06 29
  3.90000E+04  3.95000E+04  3.44640E-03  3.5E-06 30
  4.00000E+04  4.05000E+04  3.47652E-03  3.5E-06 31
  4.10000E+04  4.15000E+04  3.48442E-03  3.5E-06 32
  4.20000E+04  4.25000E+04  3.47797E-03  3.5E-06 33
  4.30000E+04  4.35000E+04  3.45575E-03  3.5E-06 34
  4.40000E+04  4.45000E+04  3.43561E-03  3.5E-06 35
  4.50000E+04  4.55000E+04  3.40706E-03  3.5E-06 36
  4.60000E+04  4.65000E+04  3.36839E-03  3.5E-06 37
  4.70000E+04  4.75000E+04  3.32975E-03  3.5E-06 38
  4.80000E+04  4.85000E+04  3.30711E-03  3.5E-06 39
  4.90000E+04  4.95000E+04  3.27356E-03  3.5E-06 40
  5.00000E+04  5.05000E+04  3.21828E-03  3.5E-06 41
  5.10000E+04  5.15000E+04  3.15128E-03  3.5E-06 42
  5.20000E+04  5.25000E+04  3.08115E-03  3.4E-06 43
  5.30000E+04  5.35000E+04  3.01478E-03  3.4E-06 44
  5.40000E+04  5.45000E+04  2.95085E-03  3.4E-06 45
  5.50000E+04  5.55000E+04  2.88384E-03  3.3E-06 46
  5.60000E+04  5.65000E+04  2.81255E-03  3.3E-06 47
  5.70000E+04  5.75000E+04  2.74540E-03  3.3E-06 48
  5.80000E+04  5.85000E+04  2.67481E-03  3.2E-06 49
  5.90000E+04  5.95000E+04  5.70075E-03  4.7E-06 50
  6.00000E+04  6.05000E+04  8.01369E-03  5.5E-06 51
  6.10000E+04  6.15000E+04  2.44221E-03  3.1E-06 52
  6.20000E+04  6.25000E+04  2.36860E-03  3.1E-06 53
  6.30000E+04  6.35000E+04  2.29842E-03  3.0E-06 54
  6.40000E+04  6.45000E+04  2.22918E-03  3.0E-06 55
  6.50000E+04  6.55000E+04  2.15801E-03  2.9E-06 56
  6.60000E+04  6.65000E+04  2.08988E-03  2.9E-06 57
  6.70000E+04  6.75000E+04  2.01872E-03  2.8E-06 58
  6.80000E+04  6.85000E+04  3.96891E-03  4.0E-06 59
  6.90000E+04  6.95000E+04  1.87517E-03  2.7E-06 60
  7.00000E+04  7.05000E+04  2.19519E-03  3.0E-06 61
  7.10000E+04  7.15000E+04  1.58411E-03  2.5E-06 62
  7.20000E+04  7.25000E+04  1.53306E-03  2.5E-06 63
  7.30000E+04  7.35000E+04  1.48101E-03  2.4E-06 64
  7.40000E+04  7.45000E+04  1.45821E-03  2.4E-06 65
  7.50000E+04  7.55000E+04  1.37532E-03  2.4E-06 66
  7.60000E+04  7.65000E+04  1.32589E-03  2.3E-06 67
  7.70000E+04  7.75000E+04  1.31677E-03  2.3E-06 68
  7.80000E+04  7.85000E+04  1.21817E-03  2.2E-06 69
  7.90000E+04  7.95000E+04  1.16682E-03  2.2E-06 70
  8.00000E+04  8.05000E+04  1.11418E-03  2.1E-06 71
 
# Performance report
#   Random seeds:
#    493483338
#   1942982926
#   No. of histories simulated [N]:
#           188960844.
#   CPU time [t] (s):
#    1.23471E+03
#   Speed (histories/s):
#    1.53041E+05
#   Average uncertainty (above 1/2 max score) in % [uncert]:
#    6.14641E-02
#   Intrinsic efficiency [N*uncert^2]^-1:
#    1.40083E-06
#   Absolute efficiency [t*uncert^2]^-1:
#    2.14384E-01
