#>>>>>>>>>>>>>>>>>>>>>>>>>>>>>>>>>>>>>>>>>>>>>>>>>>>>>>>>>>>>
# [SECTION REPORT FLUENCE SPECTRUM]
# PHOTONS                                                                       
#
# The spectral fluence is integrated over the detector volume, its units are cm^3/(cm^2*eV)=cm/eV.
#
# Detection material:
#  3
# Number of energy bins:
#  71
# Linear energy scale, bin width (eV):
#      Infinity
#
# For plotting purposes, two energies per bin are given, namely, the low end and the middle point of each bin.
#
# Elow(eV) : Emiddle(eV) : fluence(cm/eV) : +-2sigma : nbin
  1.00000E+04  1.05000E+04  1.24645E-04  7.6E-07 1
  1.10000E+04  1.15000E+04  3.03325E-06  1.2E-07 2
  1.20000E+04  1.25000E+04  6.67365E-05  5.8E-07 3
  1.30000E+04  1.35000E+04  1.66004E-04  9.1E-07 4
  1.40000E+04  1.45000E+04  3.40891E-06  1.2E-07 5
  1.50000E+04  1.55000E+04  6.25483E-05  5.7E-07 6
  1.60000E+04  1.65000E+04  1.44162E-05  2.2E-07 7
  1.70000E+04  1.75000E+04  3.48169E-05  3.2E-07 8
  1.80000E+04  1.85000E+04  8.13797E-05  5.0E-07 9
  1.90000E+04  1.95000E+04  1.62263E-04  7.2E-07 10
  2.00000E+04  2.05000E+04  2.85373E-04  9.7E-07 11
  2.10000E+04  2.15000E+04  4.51438E-04  1.2E-06 12
  2.20000E+04  2.25000E+04  6.73472E-04  1.6E-06 13
  2.30000E+04  2.35000E+04  9.63351E-04  1.9E-06 14
  2.40000E+04  2.45000E+04  1.22210E-03  2.1E-06 15
  2.50000E+04  2.55000E+04  5.82761E-03  5.3E-06 16
  2.60000E+04  2.65000E+04  1.76891E-03  2.6E-06 17
  2.70000E+04  2.75000E+04  2.06615E-03  2.9E-06 18
  2.80000E+04  2.85000E+04  3.28607E-03  3.8E-06 19
  2.90000E+04  2.95000E+04  2.61416E-03  3.2E-06 20
  3.00000E+04  3.05000E+04  2.60253E-03  3.1E-06 21
  3.10000E+04  3.15000E+04  2.80138E-03  3.3E-06 22
  3.20000E+04  3.25000E+04  2.97497E-03  3.4E-06 23
  3.30000E+04  3.35000E+04  3.13044E-03  3.5E-06 24
  3.40000E+04  3.45000E+04  3.25860E-03  3.6E-06 25
  3.50000E+04  3.55000E+04  3.36645E-03  3.7E-06 26
  3.60000E+04  3.65000E+04  3.46168E-03  3.8E-06 27
  3.70000E+04  3.75000E+04  3.53495E-03  3.9E-06 28
  3.80000E+04  3.85000E+04  3.59100E-03  3.9E-06 29
  3.90000E+04  3.95000E+04  3.63783E-03  4.0E-06 30
  4.00000E+04  4.05000E+04  3.66153E-03  4.0E-06 31
  4.10000E+04  4.15000E+04  3.66024E-03  4.0E-06 32
  4.20000E+04  4.25000E+04  3.64753E-03  4.0E-06 33
  4.30000E+04  4.35000E+04  3.61927E-03  4.0E-06 34
  4.40000E+04  4.45000E+04  3.58838E-03  4.0E-06 35
  4.50000E+04  4.55000E+04  3.54955E-03  4.0E-06 36
  4.60000E+04  4.65000E+04  3.50920E-03  4.0E-06 37
  4.70000E+04  4.75000E+04  3.46590E-03  4.0E-06 38
  4.80000E+04  4.85000E+04  3.43642E-03  4.0E-06 39
  4.90000E+04  4.95000E+04  3.39584E-03  4.0E-06 40
  5.00000E+04  5.05000E+04  3.33392E-03  3.9E-06 41
  5.10000E+04  5.15000E+04  3.25940E-03  3.9E-06 42
  5.20000E+04  5.25000E+04  3.18139E-03  3.8E-06 43
  5.30000E+04  5.35000E+04  3.11123E-03  3.8E-06 44
  5.40000E+04  5.45000E+04  3.03998E-03  3.8E-06 45
  5.50000E+04  5.55000E+04  2.96881E-03  3.7E-06 46
  5.60000E+04  5.65000E+04  2.89243E-03  3.7E-06 47
  5.70000E+04  5.75000E+04  2.82250E-03  3.6E-06 48
  5.80000E+04  5.85000E+04  2.74554E-03  3.6E-06 49
  5.90000E+04  5.95000E+04  5.83580E-03  5.2E-06 50
  6.00000E+04  6.05000E+04  8.19866E-03  6.1E-06 51
  6.10000E+04  6.15000E+04  2.49788E-03  3.4E-06 52
  6.20000E+04  6.25000E+04  2.42280E-03  3.4E-06 53
  6.30000E+04  6.35000E+04  2.34864E-03  3.3E-06 54
  6.40000E+04  6.45000E+04  2.27494E-03  3.3E-06 55
  6.50000E+04  6.55000E+04  2.19816E-03  3.2E-06 56
  6.60000E+04  6.65000E+04  2.13082E-03  3.2E-06 57
  6.70000E+04  6.75000E+04  2.05730E-03  3.1E-06 58
  6.80000E+04  6.85000E+04  4.03800E-03  4.4E-06 59
  6.90000E+04  6.95000E+04  1.90682E-03  3.0E-06 60
  7.00000E+04  7.05000E+04  2.23025E-03  3.3E-06 61
  7.10000E+04  7.15000E+04  1.60914E-03  2.8E-06 62
  7.20000E+04  7.25000E+04  1.55495E-03  2.7E-06 63
  7.30000E+04  7.35000E+04  1.50364E-03  2.7E-06 64
  7.40000E+04  7.45000E+04  1.48149E-03  2.7E-06 65
  7.50000E+04  7.55000E+04  1.39641E-03  2.6E-06 66
  7.60000E+04  7.65000E+04  1.34217E-03  2.5E-06 67
  7.70000E+04  7.75000E+04  1.34144E-03  2.5E-06 68
  7.80000E+04  7.85000E+04  1.23379E-03  2.4E-06 69
  7.90000E+04  7.95000E+04  1.18116E-03  2.4E-06 70
  8.00000E+04  8.05000E+04  1.12553E-03  2.3E-06 71
 
# Performance report
#   Random seeds:
#   1939410644
#   1999311309
#   No. of histories simulated [N]:
#           158994644.
#   CPU time [t] (s):
#    1.01008E+03
#   Speed (histories/s):
#    1.57408E+05
#   Average uncertainty (above 1/2 max score) in % [uncert]:
#    8.51468E-02
#   Intrinsic efficiency [N*uncert^2]^-1:
#    8.67523E-07
#   Absolute efficiency [t*uncert^2]^-1:
#    1.36555E-01
