#>>>>>>>>>>>>>>>>>>>>>>>>>>>>>>>>>>>>>>>>>>>>>>>>>>>>>>>>>>>>
# [SECTION REPORT FLUENCE SPECTRUM]
# PHOTONS                                                                       
#
# The spectral fluence is integrated over the detector volume, its units are cm^3/(cm^2*eV)=cm/eV.
#
# Detection material:
#  3
# Number of energy bins:
#  71
# Linear energy scale, bin width (eV):
#      Infinity
#
# For plotting purposes, two energies per bin are given, namely, the low end and the middle point of each bin.
#
# Elow(eV) : Emiddle(eV) : fluence(cm/eV) : +-2sigma : nbin
  1.00000E+04  1.05000E+04  4.09338E-04  2.8E-07 1
  1.10000E+04  1.15000E+04  9.31531E-06  4.4E-08 2
  1.20000E+04  1.25000E+04  2.18907E-04  2.2E-07 3
  1.30000E+04  1.35000E+04  5.22723E-04  3.3E-07 4
  1.40000E+04  1.45000E+04  3.67952E-06  2.8E-08 5
  1.50000E+04  1.55000E+04  9.45690E-05  1.5E-07 6
  1.60000E+04  1.65000E+04  3.72858E-06  2.9E-08 7
  1.70000E+04  1.75000E+04  4.43277E-08  3.2E-09 8
  1.80000E+04  1.85000E+04  1.08699E-06  1.1E-08 9
  1.90000E+04  1.95000E+04  2.29202E-06  1.7E-08 10
  2.00000E+04  2.05000E+04  7.67004E-06  3.0E-08 11
  2.10000E+04  2.15000E+04  1.63914E-05  4.3E-08 12
  2.20000E+04  2.25000E+04  3.37014E-05  6.2E-08 13
  2.30000E+04  2.35000E+04  6.15955E-05  8.3E-08 14
  2.40000E+04  2.45000E+04  1.01417E-04  1.1E-07 15
  2.50000E+04  2.55000E+04  1.56927E-04  1.3E-07 16
  2.60000E+04  2.65000E+04  2.27617E-04  1.6E-07 17
  2.70000E+04  2.75000E+04  3.13083E-04  1.9E-07 18
  2.80000E+04  2.85000E+04  4.12533E-04  2.1E-07 19
  2.90000E+04  2.95000E+04  5.25650E-04  2.4E-07 20
  3.00000E+04  3.05000E+04  6.46663E-04  2.7E-07 21
  3.10000E+04  3.15000E+04  7.70715E-04  2.9E-07 22
  3.20000E+04  3.25000E+04  8.96530E-04  3.2E-07 23
  3.30000E+04  3.35000E+04  1.02526E-03  3.4E-07 24
  3.40000E+04  3.45000E+04  1.15335E-03  3.6E-07 25
  3.50000E+04  3.55000E+04  1.27928E-03  3.9E-07 26
  3.60000E+04  3.65000E+04  1.40236E-03  4.1E-07 27
  3.70000E+04  3.75000E+04  1.52131E-03  4.3E-07 28
  3.80000E+04  3.85000E+04  1.63588E-03  4.5E-07 29
  3.90000E+04  3.95000E+04  1.74487E-03  4.6E-07 30
  4.00000E+04  4.05000E+04  1.84778E-03  4.8E-07 31
  4.10000E+04  4.15000E+04  1.93711E-03  5.0E-07 32
  4.20000E+04  4.25000E+04  2.01875E-03  5.1E-07 33
  4.30000E+04  4.35000E+04  2.09462E-03  5.3E-07 34
  4.40000E+04  4.45000E+04  2.16387E-03  5.4E-07 35
  4.50000E+04  4.55000E+04  2.22658E-03  5.5E-07 36
  4.60000E+04  4.65000E+04  2.28440E-03  5.6E-07 37
  4.70000E+04  4.75000E+04  2.34079E-03  5.8E-07 38
  4.80000E+04  4.85000E+04  2.41019E-03  5.9E-07 39
  4.90000E+04  4.95000E+04  2.47638E-03  6.1E-07 40
  5.00000E+04  5.05000E+04  2.50250E-03  6.1E-07 41
  5.10000E+04  5.15000E+04  2.51289E-03  6.2E-07 42
  5.20000E+04  5.25000E+04  2.51839E-03  6.2E-07 43
  5.30000E+04  5.35000E+04  2.52497E-03  6.2E-07 44
  5.40000E+04  5.45000E+04  2.53611E-03  6.3E-07 45
  5.50000E+04  5.55000E+04  2.54000E-03  6.3E-07 46
  5.60000E+04  5.65000E+04  2.53625E-03  6.3E-07 47
  5.70000E+04  5.75000E+04  2.52963E-03  6.3E-07 48
  5.80000E+04  5.85000E+04  2.52436E-03  6.4E-07 49
  5.90000E+04  5.95000E+04  6.65728E-03  1.0E-06 50
  6.00000E+04  6.05000E+04  1.00061E-02  1.2E-06 51
  6.10000E+04  6.15000E+04  2.43542E-03  6.3E-07 52
  6.20000E+04  6.25000E+04  2.41017E-03  6.3E-07 53
  6.30000E+04  6.35000E+04  2.38388E-03  6.3E-07 54
  6.40000E+04  6.45000E+04  2.35693E-03  6.3E-07 55
  6.50000E+04  6.55000E+04  2.32816E-03  6.3E-07 56
  6.60000E+04  6.65000E+04  2.29794E-03  6.2E-07 57
  6.70000E+04  6.75000E+04  2.26354E-03  6.2E-07 58
  6.80000E+04  6.85000E+04  5.37382E-03  9.5E-07 59
  6.90000E+04  6.95000E+04  2.18038E-03  6.1E-07 60
  7.00000E+04  7.05000E+04  2.53774E-03  6.6E-07 61
  7.10000E+04  7.15000E+04  1.63267E-03  5.3E-07 62
  7.20000E+04  7.25000E+04  1.62234E-03  5.3E-07 63
  7.30000E+04  7.35000E+04  1.61076E-03  5.3E-07 64
  7.40000E+04  7.45000E+04  2.99544E-03  7.5E-07 65
  7.50000E+04  7.55000E+04  1.57519E-03  5.3E-07 66
  7.60000E+04  7.65000E+04  1.55710E-03  5.3E-07 67
  7.70000E+04  7.75000E+04  3.93601E-03  8.7E-07 68
  7.80000E+04  7.85000E+04  1.51109E-03  5.2E-07 69
  7.90000E+04  7.95000E+04  1.48780E-03  5.2E-07 70
  8.00000E+04  8.05000E+04  1.46452E-03  5.1E-07 71
 
# Performance report
#   Random seeds:
#   1437280468
#   1897359028
#   No. of histories simulated [N]:
#          4000000000.
#   CPU time [t] (s):
#    8.45369E+03
#   Speed (histories/s):
#    4.73166E+05
#   Average uncertainty (above 1/2 max score) in % [uncert]:
#    1.52828E-02
#   Intrinsic efficiency [N*uncert^2]^-1:
#    1.07037E-06
#   Absolute efficiency [t*uncert^2]^-1:
#    5.06462E-01
