#>>>>>>>>>>>>>>>>>>>>>>>>>>>>>>>>>>>>>>>>>>>>>>>>>>>>>>>>>>>>
# [SECTION REPORT FLUENCE SPECTRUM]
# PHOTONS                                                                       
#
# The spectral fluence is integrated over the detector volume, its units are cm^3/(cm^2*eV)=cm/eV.
#
# Detection material:
#  3
# Number of energy bins:
#  71
# Linear energy scale, bin width (eV):
#      Infinity
#
# For plotting purposes, two energies per bin are given, namely, the low end and the middle point of each bin.
#
# Elow(eV) : Emiddle(eV) : fluence(cm/eV) : +-2sigma : nbin
  1.00000E+04  1.05000E+04  2.60686E-04  1.1E-06 1
  1.10000E+04  1.15000E+04  6.38160E-06  1.8E-07 2
  1.20000E+04  1.25000E+04  1.38123E-04  8.6E-07 3
  1.30000E+04  1.35000E+04  3.48131E-04  1.4E-06 4
  1.40000E+04  1.45000E+04  5.13111E-06  1.6E-07 5
  1.50000E+04  1.55000E+04  1.07243E-04  7.7E-07 6
  1.60000E+04  1.65000E+04  1.55969E-05  2.3E-07 7
  1.70000E+04  1.75000E+04  3.34934E-05  3.0E-07 8
  1.80000E+04  1.85000E+04  7.63895E-05  4.5E-07 9
  1.90000E+04  1.95000E+04  1.48187E-04  6.2E-07 10
  2.00000E+04  2.05000E+04  2.54964E-04  8.2E-07 11
  2.10000E+04  2.15000E+04  3.94661E-04  1.0E-06 12
  2.20000E+04  2.25000E+04  5.92245E-04  1.3E-06 13
  2.30000E+04  2.35000E+04  8.72110E-04  1.6E-06 14
  2.40000E+04  2.45000E+04  1.04283E-03  1.7E-06 15
  2.50000E+04  2.55000E+04  1.06164E-02  7.4E-06 16
  2.60000E+04  2.65000E+04  1.34091E-03  1.9E-06 17
  2.70000E+04  2.75000E+04  1.52235E-03  2.0E-06 18
  2.80000E+04  2.85000E+04  3.78126E-03  4.0E-06 19
  2.90000E+04  2.95000E+04  2.27597E-03  2.7E-06 20
  3.00000E+04  3.05000E+04  1.95140E-03  2.2E-06 21
  3.10000E+04  3.15000E+04  2.05669E-03  2.3E-06 22
  3.20000E+04  3.25000E+04  2.13655E-03  2.3E-06 23
  3.30000E+04  3.35000E+04  2.19866E-03  2.3E-06 24
  3.40000E+04  3.45000E+04  2.24798E-03  2.4E-06 25
  3.50000E+04  3.55000E+04  2.28405E-03  2.4E-06 26
  3.60000E+04  3.65000E+04  2.30777E-03  2.4E-06 27
  3.70000E+04  3.75000E+04  2.32401E-03  2.4E-06 28
  3.80000E+04  3.85000E+04  2.32971E-03  2.4E-06 29
  3.90000E+04  3.95000E+04  2.32792E-03  2.4E-06 30
  4.00000E+04  4.05000E+04  2.31892E-03  2.4E-06 31
  4.10000E+04  4.15000E+04  2.29658E-03  2.4E-06 32
  4.20000E+04  4.25000E+04  2.27009E-03  2.4E-06 33
  4.30000E+04  4.35000E+04  2.23755E-03  2.4E-06 34
  4.40000E+04  4.45000E+04  2.20750E-03  2.4E-06 35
  4.50000E+04  4.55000E+04  2.17674E-03  2.4E-06 36
  4.60000E+04  4.65000E+04  2.14314E-03  2.4E-06 37
  4.70000E+04  4.75000E+04  2.11581E-03  2.4E-06 38
  4.80000E+04  4.85000E+04  2.09474E-03  2.4E-06 39
  4.90000E+04  4.95000E+04  2.07076E-03  2.4E-06 40
  5.00000E+04  5.05000E+04  2.03942E-03  2.4E-06 41
  5.10000E+04  5.15000E+04  1.99675E-03  2.4E-06 42
  5.20000E+04  5.25000E+04  1.95577E-03  2.3E-06 43
  5.30000E+04  5.35000E+04  1.91794E-03  2.3E-06 44
  5.40000E+04  5.45000E+04  1.88627E-03  2.3E-06 45
  5.50000E+04  5.55000E+04  1.85235E-03  2.3E-06 46
  5.60000E+04  5.65000E+04  1.81552E-03  2.3E-06 47
  5.70000E+04  5.75000E+04  1.78180E-03  2.3E-06 48
  5.80000E+04  5.85000E+04  1.74912E-03  2.3E-06 49
  5.90000E+04  5.95000E+04  3.72502E-03  3.3E-06 50
  6.00000E+04  6.05000E+04  5.26268E-03  4.0E-06 51
  6.10000E+04  6.15000E+04  1.62735E-03  2.3E-06 52
  6.20000E+04  6.25000E+04  1.59172E-03  2.3E-06 53
  6.30000E+04  6.35000E+04  1.55377E-03  2.2E-06 54
  6.40000E+04  6.45000E+04  1.51839E-03  2.2E-06 55
  6.50000E+04  6.55000E+04  1.48096E-03  2.2E-06 56
  6.60000E+04  6.65000E+04  1.44716E-03  2.2E-06 57
  6.70000E+04  6.75000E+04  1.41034E-03  2.2E-06 58
  6.80000E+04  6.85000E+04  2.77828E-03  3.1E-06 59
  6.90000E+04  6.95000E+04  1.32839E-03  2.1E-06 60
  7.00000E+04  7.05000E+04  1.56183E-03  2.3E-06 61
  7.10000E+04  7.15000E+04  1.13787E-03  2.0E-06 62
  7.20000E+04  7.25000E+04  1.11037E-03  2.0E-06 63
  7.30000E+04  7.35000E+04  1.08012E-03  2.0E-06 64
  7.40000E+04  7.45000E+04  1.14660E-03  2.1E-06 65
  7.50000E+04  7.55000E+04  1.01778E-03  1.9E-06 66
  7.60000E+04  7.65000E+04  9.86117E-04  1.9E-06 67
  7.70000E+04  7.75000E+04  1.12556E-03  2.1E-06 68
  7.80000E+04  7.85000E+04  9.19466E-04  1.9E-06 69
  7.90000E+04  7.95000E+04  8.86940E-04  1.8E-06 70
  8.00000E+04  8.05000E+04  8.50681E-04  1.8E-06 71
 
# Performance report
#   Random seeds:
#    971336013
#   1302462590
#   No. of histories simulated [N]:
#           167976682.
#   CPU time [t] (s):
#    1.03468E+03
#   Speed (histories/s):
#    1.62346E+05
#   Average uncertainty (above 1/2 max score) in % [uncert]:
#    7.00443E-02
#   Intrinsic efficiency [N*uncert^2]^-1:
#    1.21340E-06
#   Absolute efficiency [t*uncert^2]^-1:
#    1.96992E-01
