#>>>>>>>>>>>>>>>>>>>>>>>>>>>>>>>>>>>>>>>>>>>>>>>>>>>>>>>>>>>>
# [SECTION REPORT FLUENCE SPECTRUM]
# PHOTONS                                                                       
#
# The spectral fluence is integrated over the detector volume, its units are cm^3/(cm^2*eV)=cm/eV.
#
# Detection material:
#  3
# Number of energy bins:
#  71
# Linear energy scale, bin width (eV):
#      Infinity
#
# For plotting purposes, two energies per bin are given, namely, the low end and the middle point of each bin.
#
# Elow(eV) : Emiddle(eV) : fluence(cm/eV) : +-2sigma : nbin
  1.00000E+04  1.05000E+04  0.00000E+00  0.0E+00 1
  1.10000E+04  1.15000E+04  9.28783E-10  1.9E-09 2
  1.20000E+04  1.25000E+04  5.67327E-09  4.1E-09 3
  1.30000E+04  1.35000E+04  2.68589E-08  8.1E-09 4
  1.40000E+04  1.45000E+04  1.09048E-06  4.0E-08 5
  1.50000E+04  1.55000E+04  6.35813E-06  9.5E-08 6
  1.60000E+04  1.65000E+04  2.30966E-05  1.8E-07 7
  1.70000E+04  1.75000E+04  6.17325E-05  2.9E-07 8
  1.80000E+04  1.85000E+04  1.37329E-04  4.4E-07 9
  1.90000E+04  1.95000E+04  2.59291E-04  6.0E-07 10
  2.00000E+04  2.05000E+04  4.33438E-04  7.8E-07 11
  2.10000E+04  2.15000E+04  6.46613E-04  9.5E-07 12
  2.20000E+04  2.25000E+04  9.04334E-04  1.1E-06 13
  2.30000E+04  2.35000E+04  1.25870E-03  1.4E-06 14
  2.40000E+04  2.45000E+04  1.69242E-03  1.7E-06 15
  2.50000E+04  2.55000E+04  1.96675E-03  1.8E-06 16
  2.60000E+04  2.65000E+04  1.65523E-02  6.4E-06 17
  2.70000E+04  2.75000E+04  2.41397E-03  2.0E-06 18
  2.80000E+04  2.85000E+04  2.69893E-03  2.1E-06 19
  2.90000E+04  2.95000E+04  6.18397E-03  3.7E-06 20
  3.00000E+04  3.05000E+04  3.63322E-03  2.5E-06 21
  3.10000E+04  3.15000E+04  3.63725E-03  2.5E-06 22
  3.20000E+04  3.25000E+04  4.45774E-03  2.9E-06 23
  3.30000E+04  3.35000E+04  2.92779E-03  2.0E-06 24
  3.40000E+04  3.45000E+04  2.98000E-03  2.0E-06 25
  3.50000E+04  3.55000E+04  3.02088E-03  2.0E-06 26
  3.60000E+04  3.65000E+04  3.63762E-03  2.4E-06 27
  3.70000E+04  3.75000E+04  3.16329E-03  2.1E-06 28
  3.80000E+04  3.85000E+04  2.97572E-03  2.0E-06 29
  3.90000E+04  3.95000E+04  2.96666E-03  2.0E-06 30
  4.00000E+04  4.05000E+04  2.95589E-03  2.0E-06 31
  4.10000E+04  4.15000E+04  2.92827E-03  2.0E-06 32
  4.20000E+04  4.25000E+04  2.89146E-03  2.0E-06 33
  4.30000E+04  4.35000E+04  2.85475E-03  2.0E-06 34
  4.40000E+04  4.45000E+04  2.81587E-03  2.0E-06 35
  4.50000E+04  4.55000E+04  2.77676E-03  2.0E-06 36
  4.60000E+04  4.65000E+04  2.73336E-03  2.0E-06 37
  4.70000E+04  4.75000E+04  2.69126E-03  2.1E-06 38
  4.80000E+04  4.85000E+04  2.64804E-03  2.1E-06 39
  4.90000E+04  4.95000E+04  2.60359E-03  2.1E-06 40
  5.00000E+04  5.05000E+04  2.55031E-03  2.1E-06 41
  5.10000E+04  5.15000E+04  2.49073E-03  2.0E-06 42
  5.20000E+04  5.25000E+04  2.42837E-03  2.0E-06 43
  5.30000E+04  5.35000E+04  2.36409E-03  2.0E-06 44
  5.40000E+04  5.45000E+04  2.29954E-03  2.0E-06 45
  5.50000E+04  5.55000E+04  2.23520E-03  2.0E-06 46
  5.60000E+04  5.65000E+04  2.16420E-03  2.0E-06 47
  5.70000E+04  5.75000E+04  2.09597E-03  2.0E-06 48
  5.80000E+04  5.85000E+04  2.02022E-03  1.9E-06 49
  5.90000E+04  5.95000E+04  2.67687E-03  2.2E-06 50
  6.00000E+04  6.05000E+04  3.16510E-03  2.4E-06 51
  6.10000E+04  6.15000E+04  1.78058E-03  1.8E-06 52
  6.20000E+04  6.25000E+04  1.69665E-03  1.8E-06 53
  6.30000E+04  6.35000E+04  1.61368E-03  1.8E-06 54
  6.40000E+04  6.45000E+04  1.52945E-03  1.7E-06 55
  6.50000E+04  6.55000E+04  1.44534E-03  1.7E-06 56
  6.60000E+04  6.65000E+04  1.35797E-03  1.6E-06 57
  6.70000E+04  6.75000E+04  1.27483E-03  1.6E-06 58
  6.80000E+04  6.85000E+04  1.68610E-03  1.8E-06 59
  6.90000E+04  6.95000E+04  1.09574E-03  1.5E-06 60
  7.00000E+04  7.05000E+04  1.11721E-03  1.5E-06 61
  7.10000E+04  7.15000E+04  8.92366E-04  1.4E-06 62
  7.20000E+04  7.25000E+04  8.08818E-04  1.3E-06 63
  7.30000E+04  7.35000E+04  7.22191E-04  1.2E-06 64
  7.40000E+04  7.45000E+04  6.35055E-04  1.2E-06 65
  7.50000E+04  7.55000E+04  5.45630E-04  1.1E-06 66
  7.60000E+04  7.65000E+04  4.57152E-04  9.9E-07 67
  7.70000E+04  7.75000E+04  3.66977E-04  8.9E-07 68
  7.80000E+04  7.85000E+04  2.75471E-04  7.7E-07 69
  7.90000E+04  7.95000E+04  1.83345E-04  6.3E-07 70
  8.00000E+04  8.05000E+04  9.17475E-05  4.5E-07 71
 
# Performance report
#   Random seeds:
#    846952267
#   2073725632
#   No. of histories simulated [N]:
#           321924425.
#   CPU time [t] (s):
#    2.01595E+03
#   Speed (histories/s):
#    1.59688E+05
#   Average uncertainty (above 1/2 max score) in % [uncert]:
#    3.88499E-02
#   Intrinsic efficiency [N*uncert^2]^-1:
#    2.05810E-06
#   Absolute efficiency [t*uncert^2]^-1:
#    3.28655E-01
