#>>>>>>>>>>>>>>>>>>>>>>>>>>>>>>>>>>>>>>>>>>>>>>>>>>>>>>>>>>>>
# [SECTION REPORT FLUENCE SPECTRUM]
# PHOTONS                                                                       
#
# The spectral fluence is integrated over the detector volume, its units are cm^3/(cm^2*eV)=cm/eV.
#
# Detection material:
#  3
# Number of energy bins:
#  71
# Linear energy scale, bin width (eV):
#      Infinity
#
# For plotting purposes, two energies per bin are given, namely, the low end and the middle point of each bin.
#
# Elow(eV) : Emiddle(eV) : fluence(cm/eV) : +-2sigma : nbin
  1.00000E+04  1.05000E+04  0.00000E+00  0.0E+00 1
  1.10000E+04  1.15000E+04  4.66576E-11  9.3E-11 2
  1.20000E+04  1.25000E+04  2.26367E-09  7.7E-10 3
  1.30000E+04  1.35000E+04  4.43572E-08  3.5E-09 4
  1.40000E+04  1.45000E+04  1.96469E-06  2.2E-08 5
  1.50000E+04  1.55000E+04  1.15832E-05  5.4E-08 6
  1.60000E+04  1.65000E+04  4.25409E-05  1.0E-07 7
  1.70000E+04  1.75000E+04  1.15239E-04  1.7E-07 8
  1.80000E+04  1.85000E+04  2.57436E-04  2.5E-07 9
  1.90000E+04  1.95000E+04  4.87946E-04  3.5E-07 10
  2.00000E+04  2.05000E+04  8.14778E-04  4.5E-07 11
  2.10000E+04  2.15000E+04  1.20833E-03  5.5E-07 12
  2.20000E+04  2.25000E+04  1.66005E-03  6.4E-07 13
  2.30000E+04  2.35000E+04  2.14809E-03  7.3E-07 14
  2.40000E+04  2.45000E+04  2.65424E-03  8.1E-07 15
  2.50000E+04  2.55000E+04  3.15644E-03  8.9E-07 16
  2.60000E+04  2.65000E+04  3.63637E-03  9.5E-07 17
  2.70000E+04  2.75000E+04  4.08222E-03  1.0E-06 18
  2.80000E+04  2.85000E+04  4.48376E-03  1.1E-06 19
  2.90000E+04  2.95000E+04  4.83397E-03  1.1E-06 20
  3.00000E+04  3.05000E+04  5.13355E-03  1.1E-06 21
  3.10000E+04  3.15000E+04  5.33270E-03  1.1E-06 22
  3.20000E+04  3.25000E+04  5.47260E-03  1.2E-06 23
  3.30000E+04  3.35000E+04  5.57534E-03  1.2E-06 24
  3.40000E+04  3.45000E+04  5.63884E-03  1.2E-06 25
  3.50000E+04  3.55000E+04  5.67522E-03  1.2E-06 26
  3.60000E+04  3.65000E+04  5.68207E-03  1.2E-06 27
  3.70000E+04  3.75000E+04  5.66589E-03  1.2E-06 28
  3.80000E+04  3.85000E+04  5.62894E-03  1.2E-06 29
  3.90000E+04  3.95000E+04  5.57247E-03  1.2E-06 30
  4.00000E+04  4.05000E+04  5.50138E-03  1.2E-06 31
  4.10000E+04  4.15000E+04  5.39574E-03  1.2E-06 32
  4.20000E+04  4.25000E+04  5.27472E-03  1.1E-06 33
  4.30000E+04  4.35000E+04  5.14771E-03  1.1E-06 34
  4.40000E+04  4.45000E+04  5.01986E-03  1.1E-06 35
  4.50000E+04  4.55000E+04  4.88440E-03  1.1E-06 36
  4.60000E+04  4.65000E+04  4.74839E-03  1.1E-06 37
  4.70000E+04  4.75000E+04  4.61044E-03  1.1E-06 38
  4.80000E+04  4.85000E+04  4.47776E-03  1.1E-06 39
  4.90000E+04  4.95000E+04  4.34077E-03  1.0E-06 40
  5.00000E+04  5.05000E+04  4.19465E-03  1.0E-06 41
  5.10000E+04  5.15000E+04  4.04235E-03  1.0E-06 42
  5.20000E+04  5.25000E+04  3.88706E-03  9.8E-07 43
  5.30000E+04  5.35000E+04  3.73327E-03  9.6E-07 44
  5.40000E+04  5.45000E+04  3.58495E-03  9.4E-07 45
  5.50000E+04  5.55000E+04  3.43431E-03  9.2E-07 46
  5.60000E+04  5.65000E+04  3.28692E-03  9.0E-07 47
  5.70000E+04  5.75000E+04  3.13876E-03  8.8E-07 48
  5.80000E+04  5.85000E+04  2.99114E-03  8.6E-07 49
  5.90000E+04  5.95000E+04  3.92219E-03  9.8E-07 50
  6.00000E+04  6.05000E+04  4.59337E-03  1.1E-06 51
  6.10000E+04  6.15000E+04  2.54767E-03  8.0E-07 52
  6.20000E+04  6.25000E+04  2.40297E-03  7.7E-07 53
  6.30000E+04  6.35000E+04  2.26018E-03  7.5E-07 54
  6.40000E+04  6.45000E+04  2.12134E-03  7.3E-07 55
  6.50000E+04  6.55000E+04  1.98427E-03  7.0E-07 56
  6.60000E+04  6.65000E+04  1.84786E-03  6.8E-07 57
  6.70000E+04  6.75000E+04  1.71512E-03  6.5E-07 58
  6.80000E+04  6.85000E+04  2.25340E-03  7.5E-07 59
  6.90000E+04  6.95000E+04  1.45088E-03  6.0E-07 60
  7.00000E+04  7.05000E+04  1.46568E-03  6.1E-07 61
  7.10000E+04  7.15000E+04  1.16111E-03  5.4E-07 62
  7.20000E+04  7.25000E+04  1.04491E-03  5.1E-07 63
  7.30000E+04  7.35000E+04  9.26316E-04  4.8E-07 64
  7.40000E+04  7.45000E+04  8.07610E-04  4.5E-07 65
  7.50000E+04  7.55000E+04  6.89242E-04  4.2E-07 66
  7.60000E+04  7.65000E+04  5.73659E-04  3.8E-07 67
  7.70000E+04  7.75000E+04  4.57846E-04  3.4E-07 68
  7.80000E+04  7.85000E+04  3.41972E-04  2.9E-07 69
  7.90000E+04  7.95000E+04  2.26310E-04  2.4E-07 70
  8.00000E+04  8.05000E+04  1.13097E-04  1.7E-07 71
 
# Performance report
#   Random seeds:
#    909609509
#    698253602
#   No. of histories simulated [N]:
#          3138303785.
#   CPU time [t] (s):
#    1.99943E+04
#   Speed (histories/s):
#    1.56960E+05
#   Average uncertainty (above 1/2 max score) in % [uncert]:
#    2.35993E-02
#   Intrinsic efficiency [N*uncert^2]^-1:
#    5.72146E-07
#   Absolute efficiency [t*uncert^2]^-1:
#    8.98042E-02
