#>>>>>>>>>>>>>>>>>>>>>>>>>>>>>>>>>>>>>>>>>>>>>>>>>>>>>>>>>>>>
# [SECTION REPORT FLUENCE SPECTRUM]
# PHOTONS                                                                       
#
# The spectral fluence is integrated over the detector volume, its units are cm^3/(cm^2*eV)=cm/eV.
#
# Detection material:
#  3
# Number of energy bins:
#  71
# Linear energy scale, bin width (eV):
#      Infinity
#
# For plotting purposes, two energies per bin are given, namely, the low end and the middle point of each bin.
#
# Elow(eV) : Emiddle(eV) : fluence(cm/eV) : +-2sigma : nbin
  1.00000E+04  1.05000E+04  3.16800E-04  5.4E-07 1
  1.10000E+04  1.15000E+04  8.99998E-06  9.2E-08 2
  1.20000E+04  1.25000E+04  5.51320E-04  7.5E-07 3
  1.30000E+04  1.35000E+04  1.75462E-05  1.3E-07 4
  1.40000E+04  1.45000E+04  5.24235E-05  2.4E-07 5
  1.50000E+04  1.55000E+04  2.32924E-05  1.6E-07 6
  1.60000E+04  1.65000E+04  7.55245E-09  2.8E-09 7
  1.70000E+04  1.75000E+04  4.92554E-08  7.0E-09 8
  1.80000E+04  1.85000E+04  1.10107E-06  2.4E-08 9
  1.90000E+04  1.95000E+04  2.30008E-06  3.5E-08 10
  2.00000E+04  2.05000E+04  7.62331E-06  6.3E-08 11
  2.10000E+04  2.15000E+04  1.64627E-05  9.2E-08 12
  2.20000E+04  2.25000E+04  3.36699E-05  1.3E-07 13
  2.30000E+04  2.35000E+04  6.14713E-05  1.8E-07 14
  2.40000E+04  2.45000E+04  1.01139E-04  2.3E-07 15
  2.50000E+04  2.55000E+04  1.56469E-04  2.8E-07 16
  2.60000E+04  2.65000E+04  2.26854E-04  3.4E-07 17
  2.70000E+04  2.75000E+04  3.11157E-04  3.9E-07 18
  2.80000E+04  2.85000E+04  4.09942E-04  4.5E-07 19
  2.90000E+04  2.95000E+04  5.20412E-04  5.1E-07 20
  3.00000E+04  3.05000E+04  6.38354E-04  5.6E-07 21
  3.10000E+04  3.15000E+04  7.57333E-04  6.1E-07 22
  3.20000E+04  3.25000E+04  8.75892E-04  6.5E-07 23
  3.30000E+04  3.35000E+04  9.94647E-04  7.0E-07 24
  3.40000E+04  3.45000E+04  1.11065E-03  7.3E-07 25
  3.50000E+04  3.55000E+04  1.22058E-03  7.7E-07 26
  3.60000E+04  3.65000E+04  1.32428E-03  8.0E-07 27
  3.70000E+04  3.75000E+04  1.41967E-03  8.3E-07 28
  3.80000E+04  3.85000E+04  1.50861E-03  8.5E-07 29
  3.90000E+04  3.95000E+04  1.58666E-03  8.7E-07 30
  4.00000E+04  4.05000E+04  1.65750E-03  8.9E-07 31
  4.10000E+04  4.15000E+04  1.71337E-03  9.1E-07 32
  4.20000E+04  4.25000E+04  1.75936E-03  9.2E-07 33
  4.30000E+04  4.35000E+04  1.79810E-03  9.3E-07 34
  4.40000E+04  4.45000E+04  1.82896E-03  9.4E-07 35
  4.50000E+04  4.55000E+04  1.85394E-03  9.4E-07 36
  4.60000E+04  4.65000E+04  1.87254E-03  9.5E-07 37
  4.70000E+04  4.75000E+04  1.88908E-03  9.5E-07 38
  4.80000E+04  4.85000E+04  1.91120E-03  9.6E-07 39
  4.90000E+04  4.95000E+04  1.92942E-03  9.7E-07 40
  5.00000E+04  5.05000E+04  1.92587E-03  9.7E-07 41
  5.10000E+04  5.15000E+04  1.91277E-03  9.6E-07 42
  5.20000E+04  5.25000E+04  1.89402E-03  9.6E-07 43
  5.30000E+04  5.35000E+04  1.87717E-03  9.5E-07 44
  5.40000E+04  5.45000E+04  1.86230E-03  9.5E-07 45
  5.50000E+04  5.55000E+04  1.84327E-03  9.5E-07 46
  5.60000E+04  5.65000E+04  1.82333E-03  9.4E-07 47
  5.70000E+04  5.75000E+04  1.80396E-03  9.4E-07 48
  5.80000E+04  5.85000E+04  1.78343E-03  9.3E-07 49
  5.90000E+04  5.95000E+04  4.66918E-03  1.5E-06 50
  6.00000E+04  6.05000E+04  6.96121E-03  1.8E-06 51
  6.10000E+04  6.15000E+04  1.67723E-03  9.1E-07 52
  6.20000E+04  6.25000E+04  1.64895E-03  9.0E-07 53
  6.30000E+04  6.35000E+04  1.62041E-03  8.9E-07 54
  6.40000E+04  6.45000E+04  1.59558E-03  8.9E-07 55
  6.50000E+04  6.55000E+04  1.56695E-03  8.8E-07 56
  6.60000E+04  6.65000E+04  1.54004E-03  8.8E-07 57
  6.70000E+04  6.75000E+04  1.51079E-03  8.7E-07 58
  6.80000E+04  6.85000E+04  3.57886E-03  1.3E-06 59
  6.90000E+04  6.95000E+04  1.44941E-03  8.6E-07 60
  7.00000E+04  7.05000E+04  1.68456E-03  9.3E-07 61
  7.10000E+04  7.15000E+04  1.08365E-03  7.5E-07 62
  7.20000E+04  7.25000E+04  2.56014E-03  1.5E-06 63
  7.30000E+04  7.35000E+04  1.06346E-03  7.5E-07 64
  7.40000E+04  7.45000E+04  3.65365E-03  1.8E-06 65
  7.50000E+04  7.55000E+04  1.03638E-03  7.4E-07 66
  7.60000E+04  7.65000E+04  1.02497E-03  7.4E-07 67
  7.70000E+04  7.75000E+04  1.01571E-03  7.4E-07 68
  7.80000E+04  7.85000E+04  1.00378E-03  7.4E-07 69
  7.90000E+04  7.95000E+04  9.91278E-04  7.4E-07 70
  8.00000E+04  8.05000E+04  9.78687E-04  7.4E-07 71
 
# Performance report
#   Random seeds:
#   1428136028
#    742928451
#   No. of histories simulated [N]:
#           887200136.
#   CPU time [t] (s):
#    5.01444E+03
#   Speed (histories/s):
#    1.76929E+05
#   Average uncertainty (above 1/2 max score) in % [uncert]:
#    3.70147E-02
#   Intrinsic efficiency [N*uncert^2]^-1:
#    8.22678E-07
#   Absolute efficiency [t*uncert^2]^-1:
#    1.45556E-01
