#>>>>>>>>>>>>>>>>>>>>>>>>>>>>>>>>>>>>>>>>>>>>>>>>>>>>>>>>>>>>
# [SECTION REPORT FLUENCE SPECTRUM]
# PHOTONS                                                                       
#
# The spectral fluence is integrated over the detector volume, its units are cm^3/(cm^2*eV)=cm/eV.
#
# Detection material:
#  3
# Number of energy bins:
#  71
# Linear energy scale, bin width (eV):
#      Infinity
#
# For plotting purposes, two energies per bin are given, namely, the low end and the middle point of each bin.
#
# Elow(eV) : Emiddle(eV) : fluence(cm/eV) : +-2sigma : nbin
  1.00000E+04  1.05000E+04  4.94445E-04  6.6E-07 1
  1.10000E+04  1.15000E+04  1.39830E-05  1.1E-07 2
  1.20000E+04  1.25000E+04  8.35025E-04  9.1E-07 3
  1.30000E+04  1.35000E+04  2.62813E-05  1.6E-07 4
  1.40000E+04  1.45000E+04  8.40603E-05  3.0E-07 5
  1.50000E+04  1.55000E+04  3.81402E-05  1.9E-07 6
  1.60000E+04  1.65000E+04  1.15342E-05  7.5E-08 7
  1.70000E+04  1.75000E+04  3.32897E-05  1.3E-07 8
  1.80000E+04  1.85000E+04  7.58477E-05  1.9E-07 9
  1.90000E+04  1.95000E+04  1.47787E-04  2.7E-07 10
  2.00000E+04  2.05000E+04  2.52982E-04  3.5E-07 11
  2.10000E+04  2.15000E+04  3.84580E-04  4.3E-07 12
  2.20000E+04  2.25000E+04  5.41264E-04  5.1E-07 13
  2.30000E+04  2.35000E+04  7.19395E-04  5.8E-07 14
  2.40000E+04  2.45000E+04  9.09381E-04  6.5E-07 15
  2.50000E+04  2.55000E+04  1.10467E-03  7.2E-07 16
  2.60000E+04  2.65000E+04  1.29955E-03  7.8E-07 17
  2.70000E+04  2.75000E+04  1.48572E-03  8.3E-07 18
  2.80000E+04  2.85000E+04  1.65980E-03  8.8E-07 19
  2.90000E+04  2.95000E+04  1.81771E-03  9.2E-07 20
  3.00000E+04  3.05000E+04  1.95747E-03  9.5E-07 21
  3.10000E+04  3.15000E+04  2.06056E-03  9.7E-07 22
  3.20000E+04  3.25000E+04  2.14025E-03  9.9E-07 23
  3.30000E+04  3.35000E+04  2.20556E-03  1.0E-06 24
  3.40000E+04  3.45000E+04  2.25325E-03  1.0E-06 25
  3.50000E+04  3.55000E+04  2.29090E-03  1.0E-06 26
  3.60000E+04  3.65000E+04  2.31344E-03  1.0E-06 27
  3.70000E+04  3.75000E+04  2.32724E-03  1.0E-06 28
  3.80000E+04  3.85000E+04  2.32933E-03  1.0E-06 29
  3.90000E+04  3.95000E+04  2.32484E-03  1.0E-06 30
  4.00000E+04  4.05000E+04  2.31324E-03  1.0E-06 31
  4.10000E+04  4.15000E+04  2.28481E-03  1.0E-06 32
  4.20000E+04  4.25000E+04  2.25065E-03  1.0E-06 33
  4.30000E+04  4.35000E+04  2.21375E-03  1.0E-06 34
  4.40000E+04  4.45000E+04  2.17402E-03  1.0E-06 35
  4.50000E+04  4.55000E+04  2.13372E-03  9.9E-07 36
  4.60000E+04  4.65000E+04  2.09012E-03  9.8E-07 37
  4.70000E+04  4.75000E+04  2.04994E-03  9.7E-07 38
  4.80000E+04  4.85000E+04  2.01306E-03  9.6E-07 39
  4.90000E+04  4.95000E+04  1.97667E-03  9.6E-07 40
  5.00000E+04  5.05000E+04  1.93010E-03  9.5E-07 41
  5.10000E+04  5.15000E+04  1.87831E-03  9.3E-07 42
  5.20000E+04  5.25000E+04  1.82669E-03  9.2E-07 43
  5.30000E+04  5.35000E+04  1.77613E-03  9.1E-07 44
  5.40000E+04  5.45000E+04  1.72920E-03  9.0E-07 45
  5.50000E+04  5.55000E+04  1.68304E-03  8.9E-07 46
  5.60000E+04  5.65000E+04  1.63602E-03  8.7E-07 47
  5.70000E+04  5.75000E+04  1.59121E-03  8.6E-07 48
  5.80000E+04  5.85000E+04  1.54671E-03  8.5E-07 49
  5.90000E+04  5.95000E+04  3.27019E-03  1.2E-06 50
  6.00000E+04  6.05000E+04  4.57768E-03  1.4E-06 51
  6.10000E+04  6.15000E+04  1.40098E-03  8.1E-07 52
  6.20000E+04  6.25000E+04  1.35681E-03  8.0E-07 53
  6.30000E+04  6.35000E+04  1.31629E-03  7.9E-07 54
  6.40000E+04  6.45000E+04  1.27503E-03  7.8E-07 55
  6.50000E+04  6.55000E+04  1.23551E-03  7.7E-07 56
  6.60000E+04  6.65000E+04  1.19572E-03  7.6E-07 57
  6.70000E+04  6.75000E+04  1.15738E-03  7.5E-07 58
  6.80000E+04  6.85000E+04  2.26657E-03  1.0E-06 59
  6.90000E+04  6.95000E+04  1.07811E-03  7.2E-07 60
  7.00000E+04  7.05000E+04  1.26290E-03  7.8E-07 61
  7.10000E+04  7.15000E+04  9.14989E-04  6.7E-07 62
  7.20000E+04  7.25000E+04  1.21541E-03  8.9E-07 63
  7.30000E+04  7.35000E+04  8.60507E-04  6.6E-07 64
  7.40000E+04  7.45000E+04  1.40472E-03  1.0E-06 65
  7.50000E+04  7.55000E+04  8.04741E-04  6.4E-07 66
  7.60000E+04  7.65000E+04  7.77005E-04  6.3E-07 67
  7.70000E+04  7.75000E+04  7.50880E-04  6.2E-07 68
  7.80000E+04  7.85000E+04  7.22732E-04  6.2E-07 69
  7.90000E+04  7.95000E+04  6.95165E-04  6.1E-07 70
  8.00000E+04  8.05000E+04  6.66283E-04  6.0E-07 71
 
# Performance report
#   Random seeds:
#    241751176
#   1284325162
#   No. of histories simulated [N]:
#           916472077.
#   CPU time [t] (s):
#    4.99727E+03
#   Speed (histories/s):
#    1.83394E+05
#   Average uncertainty (above 1/2 max score) in % [uncert]:
#    4.21399E-02
#   Intrinsic efficiency [N*uncert^2]^-1:
#    6.14461E-07
#   Absolute efficiency [t*uncert^2]^-1:
#    1.12689E-01
