#>>>>>>>>>>>>>>>>>>>>>>>>>>>>>>>>>>>>>>>>>>>>>>>>>>>>>>>>>>>>
# [SECTION REPORT FLUENCE SPECTRUM]
# PHOTONS                                                                       
#
# The spectral fluence is integrated over the detector volume, its units are cm^3/(cm^2*eV)=cm/eV.
#
# Detection material:
#  3
# Number of energy bins:
#  71
# Linear energy scale, bin width (eV):
#      Infinity
#
# For plotting purposes, two energies per bin are given, namely, the low end and the middle point of each bin.
#
# Elow(eV) : Emiddle(eV) : fluence(cm/eV) : +-2sigma : nbin
  1.00000E+04  1.05000E+04  3.02748E-06  1.2E-07 1
  1.10000E+04  1.15000E+04  2.53687E-05  3.5E-07 2
  1.20000E+04  1.25000E+04  8.84244E-07  6.7E-08 3
  1.30000E+04  1.35000E+04  2.34095E-09  3.5E-09 4
  1.40000E+04  1.45000E+04  5.98295E-09  6.0E-09 5
  1.50000E+04  1.55000E+04  2.94429E-09  3.6E-09 6
  1.60000E+04  1.65000E+04  1.68638E-08  9.8E-09 7
  1.70000E+04  1.75000E+04  7.07422E-08  2.0E-08 8
  1.80000E+04  1.85000E+04  1.10333E-06  5.8E-08 9
  1.90000E+04  1.95000E+04  2.37536E-06  8.6E-08 10
  2.00000E+04  2.05000E+04  8.07366E-06  1.6E-07 11
  2.10000E+04  2.15000E+04  1.84176E-05  2.4E-07 12
  2.20000E+04  2.25000E+04  4.50166E-05  4.1E-07 13
  2.30000E+04  2.35000E+04  1.04300E-04  6.5E-07 14
  2.40000E+04  2.45000E+04  1.59680E-04  7.7E-07 15
  2.50000E+04  2.55000E+04  2.02635E-03  3.3E-06 16
  2.60000E+04  2.65000E+04  2.29288E-03  3.5E-06 17
  2.70000E+04  2.75000E+04  3.48760E-04  1.1E-06 18
  2.80000E+04  2.85000E+04  8.84486E-04  2.0E-06 19
  2.90000E+04  2.95000E+04  1.04708E-03  2.1E-06 20
  3.00000E+04  3.05000E+04  7.68668E-04  1.6E-06 21
  3.10000E+04  3.15000E+04  8.08234E-04  1.6E-06 22
  3.20000E+04  3.25000E+04  9.48075E-04  1.7E-06 23
  3.30000E+04  3.35000E+04  1.09350E-03  1.9E-06 24
  3.40000E+04  3.45000E+04  1.24195E-03  2.0E-06 25
  3.50000E+04  3.55000E+04  1.38903E-03  2.1E-06 26
  3.60000E+04  3.65000E+04  1.53320E-03  2.3E-06 27
  3.70000E+04  3.75000E+04  1.67703E-03  2.4E-06 28
  3.80000E+04  3.85000E+04  1.81062E-03  2.5E-06 29
  3.90000E+04  3.95000E+04  1.94165E-03  2.6E-06 30
  4.00000E+04  4.05000E+04  2.06267E-03  2.7E-06 31
  4.10000E+04  4.15000E+04  2.17261E-03  2.8E-06 32
  4.20000E+04  4.25000E+04  2.26810E-03  2.9E-06 33
  4.30000E+04  4.35000E+04  2.36092E-03  3.0E-06 34
  4.40000E+04  4.45000E+04  2.43788E-03  3.1E-06 35
  4.50000E+04  4.55000E+04  2.51114E-03  3.1E-06 36
  4.60000E+04  4.65000E+04  2.58056E-03  3.2E-06 37
  4.70000E+04  4.75000E+04  2.65360E-03  3.3E-06 38
  4.80000E+04  4.85000E+04  2.74150E-03  3.4E-06 39
  4.90000E+04  4.95000E+04  2.80790E-03  3.4E-06 40
  5.00000E+04  5.05000E+04  2.83431E-03  3.4E-06 41
  5.10000E+04  5.15000E+04  2.83445E-03  3.5E-06 42
  5.20000E+04  5.25000E+04  2.83551E-03  3.5E-06 43
  5.30000E+04  5.35000E+04  2.83994E-03  3.5E-06 44
  5.40000E+04  5.45000E+04  2.84628E-03  3.5E-06 45
  5.50000E+04  5.55000E+04  2.83978E-03  3.5E-06 46
  5.60000E+04  5.65000E+04  2.82845E-03  3.5E-06 47
  5.70000E+04  5.75000E+04  5.27417E-03  5.0E-06 48
  5.80000E+04  5.85000E+04  2.78201E-03  3.5E-06 49
  5.90000E+04  5.95000E+04  1.17052E-02  7.2E-06 50
  6.00000E+04  6.05000E+04  1.09990E-02  6.8E-06 51
  6.10000E+04  6.15000E+04  2.64143E-03  3.4E-06 52
  6.20000E+04  6.25000E+04  2.60916E-03  3.4E-06 53
  6.30000E+04  6.35000E+04  2.57740E-03  3.4E-06 54
  6.40000E+04  6.45000E+04  2.54577E-03  3.4E-06 55
  6.50000E+04  6.55000E+04  2.50377E-03  3.4E-06 56
  6.60000E+04  6.65000E+04  2.99650E-03  3.7E-06 57
  6.70000E+04  6.75000E+04  3.46744E-03  4.0E-06 58
  6.80000E+04  6.85000E+04  5.78701E-03  5.1E-06 59
  6.90000E+04  6.95000E+04  2.52243E-03  3.4E-06 60
  7.00000E+04  7.05000E+04  2.16305E-03  2.9E-06 61
  7.10000E+04  7.15000E+04  1.38985E-03  2.3E-06 62
  7.20000E+04  7.25000E+04  1.38505E-03  2.3E-06 63
  7.30000E+04  7.35000E+04  1.37876E-03  2.3E-06 64
  7.40000E+04  7.45000E+04  1.37118E-03  2.4E-06 65
  7.50000E+04  7.55000E+04  1.35855E-03  2.3E-06 66
  7.60000E+04  7.65000E+04  1.34793E-03  2.3E-06 67
  7.70000E+04  7.75000E+04  1.33618E-03  2.3E-06 68
  7.80000E+04  7.85000E+04  1.32286E-03  2.3E-06 69
  7.90000E+04  7.95000E+04  1.30522E-03  2.3E-06 70
  8.00000E+04  8.05000E+04  1.29094E-03  2.3E-06 71
 
# Performance report
#   Random seeds:
#   1115234944
#    768208344
#   No. of histories simulated [N]:
#           157744431.
#   CPU time [t] (s):
#    1.01152E+03
#   Speed (histories/s):
#    1.55948E+05
#   Average uncertainty (above 1/2 max score) in % [uncert]:
#    6.17368E-02
#   Intrinsic efficiency [N*uncert^2]^-1:
#    1.66325E-06
#   Absolute efficiency [t*uncert^2]^-1:
#    2.59381E-01
