#>>>>>>>>>>>>>>>>>>>>>>>>>>>>>>>>>>>>>>>>>>>>>>>>>>>>>>>>>>>>
# [SECTION REPORT FLUENCE SPECTRUM]
# PHOTONS                                                                       
#
# The spectral fluence is integrated over the detector volume, its units are cm^3/(cm^2*eV)=cm/eV.
#
# Detection material:
#  3
# Number of energy bins:
#  71
# Linear energy scale, bin width (eV):
#      Infinity
#
# For plotting purposes, two energies per bin are given, namely, the low end and the middle point of each bin.
#
# Elow(eV) : Emiddle(eV) : fluence(cm/eV) : +-2sigma : nbin
  1.00000E+04  1.05000E+04  3.97083E-10  7.9E-10 1
  1.10000E+04  1.15000E+04  8.34181E-10  1.7E-09 2
  1.20000E+04  1.25000E+04  0.00000E+00  0.0E+00 3
  1.30000E+04  1.35000E+04  3.74293E-09  5.7E-09 4
  1.40000E+04  1.45000E+04  2.50143E-09  4.1E-09 5
  1.50000E+04  1.55000E+04  1.91360E-08  1.1E-08 6
  1.60000E+04  1.65000E+04  4.36590E-08  1.8E-08 7
  1.70000E+04  1.75000E+04  1.45789E-07  3.2E-08 8
  1.80000E+04  1.85000E+04  1.68116E-06  9.4E-08 9
  1.90000E+04  1.95000E+04  3.81597E-06  1.4E-07 10
  2.00000E+04  2.05000E+04  1.43138E-05  2.8E-07 11
  2.10000E+04  2.15000E+04  3.87250E-05  4.8E-07 12
  2.20000E+04  2.25000E+04  1.45446E-04  9.9E-07 13
  2.30000E+04  2.35000E+04  3.92485E-04  1.6E-06 14
  2.40000E+04  2.45000E+04  4.06846E-04  1.5E-06 15
  2.50000E+04  2.55000E+04  1.67999E-02  9.9E-06 16
  2.60000E+04  2.65000E+04  4.33089E-04  1.6E-06 17
  2.70000E+04  2.75000E+04  5.64089E-04  1.8E-06 18
  2.80000E+04  2.85000E+04  3.92669E-03  4.9E-06 19
  2.90000E+04  2.95000E+04  1.35732E-03  2.7E-06 20
  3.00000E+04  3.05000E+04  7.77173E-04  1.8E-06 21
  3.10000E+04  3.15000E+04  9.40653E-04  2.0E-06 22
  3.20000E+04  3.25000E+04  1.11278E-03  2.3E-06 23
  3.30000E+04  3.35000E+04  1.29031E-03  2.4E-06 24
  3.40000E+04  3.45000E+04  1.46977E-03  2.6E-06 25
  3.50000E+04  3.55000E+04  1.64641E-03  2.8E-06 26
  3.60000E+04  3.65000E+04  1.82050E-03  3.0E-06 27
  3.70000E+04  3.75000E+04  1.98765E-03  3.1E-06 28
  3.80000E+04  3.85000E+04  2.14860E-03  3.3E-06 29
  3.90000E+04  3.95000E+04  2.29802E-03  3.4E-06 30
  4.00000E+04  4.05000E+04  2.43384E-03  3.5E-06 31
  4.10000E+04  4.15000E+04  2.55513E-03  3.6E-06 32
  4.20000E+04  4.25000E+04  2.65664E-03  3.7E-06 33
  4.30000E+04  4.35000E+04  2.75534E-03  3.8E-06 34
  4.40000E+04  4.45000E+04  2.83592E-03  3.9E-06 35
  4.50000E+04  4.55000E+04  2.90398E-03  3.9E-06 36
  4.60000E+04  4.65000E+04  2.96820E-03  4.0E-06 37
  4.70000E+04  4.75000E+04  3.01765E-03  4.0E-06 38
  4.80000E+04  4.85000E+04  3.08259E-03  4.1E-06 39
  4.90000E+04  4.95000E+04  3.14692E-03  4.2E-06 40
  5.00000E+04  5.05000E+04  3.16242E-03  4.2E-06 41
  5.10000E+04  5.15000E+04  3.16020E-03  4.2E-06 42
  5.20000E+04  5.25000E+04  3.15063E-03  4.2E-06 43
  5.30000E+04  5.35000E+04  3.14078E-03  4.2E-06 44
  5.40000E+04  5.45000E+04  3.13079E-03  4.2E-06 45
  5.50000E+04  5.55000E+04  3.11458E-03  4.2E-06 46
  5.60000E+04  5.65000E+04  3.08979E-03  4.2E-06 47
  5.70000E+04  5.75000E+04  3.05757E-03  4.2E-06 48
  5.80000E+04  5.85000E+04  3.02930E-03  4.1E-06 49
  5.90000E+04  5.95000E+04  8.03328E-03  6.7E-06 50
  6.00000E+04  6.05000E+04  1.20481E-02  8.1E-06 51
  6.10000E+04  6.15000E+04  2.87627E-03  4.1E-06 52
  6.20000E+04  6.25000E+04  2.83271E-03  4.0E-06 53
  6.30000E+04  6.35000E+04  2.79095E-03  4.0E-06 54
  6.40000E+04  6.45000E+04  2.74294E-03  4.0E-06 55
  6.50000E+04  6.55000E+04  2.69754E-03  3.9E-06 56
  6.60000E+04  6.65000E+04  2.64658E-03  3.9E-06 57
  6.70000E+04  6.75000E+04  2.59790E-03  3.9E-06 58
  6.80000E+04  6.85000E+04  6.21245E-03  5.9E-06 59
  6.90000E+04  6.95000E+04  2.48758E-03  3.8E-06 60
  7.00000E+04  7.05000E+04  2.89240E-03  4.1E-06 61
  7.10000E+04  7.15000E+04  1.84203E-03  3.3E-06 62
  7.20000E+04  7.25000E+04  1.82406E-03  3.3E-06 63
  7.30000E+04  7.35000E+04  1.80427E-03  3.3E-06 64
  7.40000E+04  7.45000E+04  1.78016E-03  3.2E-06 65
  7.50000E+04  7.55000E+04  1.75684E-03  3.2E-06 66
  7.60000E+04  7.65000E+04  1.73184E-03  3.2E-06 67
  7.70000E+04  7.75000E+04  1.70887E-03  3.2E-06 68
  7.80000E+04  7.85000E+04  1.68044E-03  3.2E-06 69
  7.90000E+04  7.95000E+04  1.64906E-03  3.1E-06 70
  8.00000E+04  8.05000E+04  1.61757E-03  3.1E-06 71
 
# Performance report
#   Random seeds:
#    112716087
#    646145903
#   No. of histories simulated [N]:
#           129173413.
#   CPU time [t] (s):
#    8.47829E+02
#   Speed (histories/s):
#    1.52358E+05
#   Average uncertainty (above 1/2 max score) in % [uncert]:
#    6.30597E-02
#   Intrinsic efficiency [N*uncert^2]^-1:
#    1.94681E-06
#   Absolute efficiency [t*uncert^2]^-1:
#    2.96611E-01
