#>>>>>>>>>>>>>>>>>>>>>>>>>>>>>>>>>>>>>>>>>>>>>>>>>>>>>>>>>>>>
# [SECTION REPORT FLUENCE SPECTRUM]
# PHOTONS                                                                       
#
# The spectral fluence is integrated over the detector volume, its units are cm^3/(cm^2*eV)=cm/eV.
#
# Detection material:
#  3
# Number of energy bins:
#  71
# Linear energy scale, bin width (eV):
#      Infinity
#
# For plotting purposes, two energies per bin are given, namely, the low end and the middle point of each bin.
#
# Elow(eV) : Emiddle(eV) : fluence(cm/eV) : +-2sigma : nbin
  1.00000E+04  1.05000E+04  5.11815E-04  3.0E-07 1
  1.10000E+04  1.15000E+04  1.14318E-05  4.6E-08 2
  1.20000E+04  1.25000E+04  2.57371E-04  2.2E-07 3
  1.30000E+04  1.35000E+04  6.16429E-04  3.4E-07 4
  1.40000E+04  1.45000E+04  4.46059E-06  3.0E-08 5
  1.50000E+04  1.55000E+04  1.14448E-04  1.5E-07 6
  1.60000E+04  1.65000E+04  4.47153E-06  3.0E-08 7
  1.70000E+04  1.75000E+04  4.46557E-08  3.2E-09 8
  1.80000E+04  1.85000E+04  1.14946E-06  1.2E-08 9
  1.90000E+04  1.95000E+04  2.48179E-06  1.8E-08 10
  2.00000E+04  2.05000E+04  8.41874E-06  3.3E-08 11
  2.10000E+04  2.15000E+04  1.86398E-05  5.0E-08 12
  2.20000E+04  2.25000E+04  3.93709E-05  7.4E-08 13
  2.30000E+04  2.35000E+04  7.40026E-05  1.0E-07 14
  2.40000E+04  2.45000E+04  1.25157E-04  1.4E-07 15
  2.50000E+04  2.55000E+04  1.99223E-04  1.7E-07 16
  2.60000E+04  2.65000E+04  2.96555E-04  2.1E-07 17
  2.70000E+04  2.75000E+04  4.18315E-04  2.6E-07 18
  2.80000E+04  2.85000E+04  5.63634E-04  3.0E-07 19
  2.90000E+04  2.95000E+04  7.32370E-04  3.5E-07 20
  3.00000E+04  3.05000E+04  9.17465E-04  3.9E-07 21
  3.10000E+04  3.15000E+04  1.11020E-03  4.3E-07 22
  3.20000E+04  3.25000E+04  1.30818E-03  4.7E-07 23
  3.30000E+04  3.35000E+04  1.51164E-03  5.1E-07 24
  3.40000E+04  3.45000E+04  1.71297E-03  5.4E-07 25
  3.50000E+04  3.55000E+04  1.91033E-03  5.8E-07 26
  3.60000E+04  3.65000E+04  2.10116E-03  6.1E-07 27
  3.70000E+04  3.75000E+04  2.28211E-03  6.4E-07 28
  3.80000E+04  3.85000E+04  2.45070E-03  6.6E-07 29
  3.90000E+04  3.95000E+04  2.60821E-03  6.8E-07 30
  4.00000E+04  4.05000E+04  2.75058E-03  7.0E-07 31
  4.10000E+04  4.15000E+04  2.86840E-03  7.2E-07 32
  4.20000E+04  4.25000E+04  2.97097E-03  7.3E-07 33
  4.30000E+04  4.35000E+04  3.05874E-03  7.5E-07 34
  4.40000E+04  4.45000E+04  3.13463E-03  7.6E-07 35
  4.50000E+04  4.55000E+04  3.19707E-03  7.7E-07 36
  4.60000E+04  4.65000E+04  3.24963E-03  7.7E-07 37
  4.70000E+04  4.75000E+04  3.29663E-03  7.8E-07 38
  4.80000E+04  4.85000E+04  3.35269E-03  7.9E-07 39
  4.90000E+04  4.95000E+04  3.40133E-03  8.0E-07 40
  5.00000E+04  5.05000E+04  3.40718E-03  8.0E-07 41
  5.10000E+04  5.15000E+04  3.39350E-03  8.0E-07 42
  5.20000E+04  5.25000E+04  3.37331E-03  7.9E-07 43
  5.30000E+04  5.35000E+04  3.35165E-03  7.9E-07 44
  5.40000E+04  5.45000E+04  3.33286E-03  7.9E-07 45
  5.50000E+04  5.55000E+04  3.30496E-03  7.9E-07 46
  5.60000E+04  5.65000E+04  3.27141E-03  7.8E-07 47
  5.70000E+04  5.75000E+04  3.23284E-03  7.8E-07 48
  5.80000E+04  5.85000E+04  3.19463E-03  7.8E-07 49
  5.90000E+04  5.95000E+04  8.48007E-03  1.2E-06 50
  6.00000E+04  6.05000E+04  1.26940E-02  1.5E-06 51
  6.10000E+04  6.15000E+04  3.02090E-03  7.6E-07 52
  6.20000E+04  6.25000E+04  2.96772E-03  7.5E-07 53
  6.30000E+04  6.35000E+04  2.91529E-03  7.5E-07 54
  6.40000E+04  6.45000E+04  2.86209E-03  7.4E-07 55
  6.50000E+04  6.55000E+04  2.80667E-03  7.3E-07 56
  6.60000E+04  6.65000E+04  2.75294E-03  7.3E-07 57
  6.70000E+04  6.75000E+04  2.69613E-03  7.2E-07 58
  6.80000E+04  6.85000E+04  6.44599E-03  1.1E-06 59
  6.90000E+04  6.95000E+04  2.57512E-03  7.0E-07 60
  7.00000E+04  7.05000E+04  2.99043E-03  7.6E-07 61
  7.10000E+04  7.15000E+04  1.90060E-03  6.1E-07 62
  7.20000E+04  7.25000E+04  1.87921E-03  6.0E-07 63
  7.30000E+04  7.35000E+04  1.85694E-03  6.0E-07 64
  7.40000E+04  7.45000E+04  2.30869E-03  6.7E-07 65
  7.50000E+04  7.55000E+04  1.80578E-03  5.9E-07 66
  7.60000E+04  7.65000E+04  1.77824E-03  5.9E-07 67
  7.70000E+04  7.75000E+04  2.54935E-03  7.0E-07 68
  7.80000E+04  7.85000E+04  1.71944E-03  5.8E-07 69
  7.90000E+04  7.95000E+04  1.68770E-03  5.7E-07 70
  8.00000E+04  8.05000E+04  1.65637E-03  5.7E-07 71
 
# Performance report
#   Random seeds:
#    189029798
#   1442090032
#   No. of histories simulated [N]:
#          4000000000.
#   CPU time [t] (s):
#    9.05890E+03
#   Speed (histories/s):
#    4.41555E+05
#   Average uncertainty (above 1/2 max score) in % [uncert]:
#    1.47155E-02
#   Intrinsic efficiency [N*uncert^2]^-1:
#    1.15449E-06
#   Absolute efficiency [t*uncert^2]^-1:
#    5.09772E-01
