#>>>>>>>>>>>>>>>>>>>>>>>>>>>>>>>>>>>>>>>>>>>>>>>>>>>>>>>>>>>>
# [SECTION REPORT FLUENCE SPECTRUM]
# PHOTONS                                                                       
#
# The spectral fluence is integrated over the detector volume, its units are cm^3/(cm^2*eV)=cm/eV.
#
# Detection material:
#  3
# Number of energy bins:
#  71
# Linear energy scale, bin width (eV):
#      Infinity
#
# For plotting purposes, two energies per bin are given, namely, the low end and the middle point of each bin.
#
# Elow(eV) : Emiddle(eV) : fluence(cm/eV) : +-2sigma : nbin
  1.00000E+04  1.05000E+04  2.39348E-04  1.1E-06 1
  1.10000E+04  1.15000E+04  5.57319E-06  1.7E-07 2
  1.20000E+04  1.25000E+04  1.29744E-04  8.4E-07 3
  1.30000E+04  1.35000E+04  3.15249E-04  1.3E-06 4
  1.40000E+04  1.45000E+04  3.10397E-06  1.3E-07 5
  1.50000E+04  1.55000E+04  7.85495E-05  6.7E-07 6
  1.60000E+04  1.65000E+04  3.27980E-06  1.4E-07 7
  1.70000E+04  1.75000E+04  3.51031E-08  1.4E-08 8
  1.80000E+04  1.85000E+04  1.10103E-06  5.8E-08 9
  1.90000E+04  1.95000E+04  2.33110E-06  8.5E-08 10
  2.00000E+04  2.05000E+04  7.85057E-06  1.5E-07 11
  2.10000E+04  2.15000E+04  1.80368E-05  2.4E-07 12
  2.20000E+04  2.25000E+04  4.44689E-05  4.0E-07 13
  2.30000E+04  2.35000E+04  9.63437E-05  6.0E-07 14
  2.40000E+04  2.45000E+04  1.30603E-04  6.5E-07 15
  2.50000E+04  2.55000E+04  2.40320E-03  3.7E-06 16
  2.60000E+04  2.65000E+04  2.35334E-04  8.2E-07 17
  2.70000E+04  2.75000E+04  3.19662E-04  9.5E-07 18
  2.80000E+04  2.85000E+04  9.36379E-04  2.1E-06 19
  2.90000E+04  2.95000E+04  6.36899E-04  1.5E-06 20
  3.00000E+04  3.05000E+04  6.41265E-04  1.3E-06 21
  3.10000E+04  3.15000E+04  7.59002E-04  1.4E-06 22
  3.20000E+04  3.25000E+04  8.78769E-04  1.5E-06 23
  3.30000E+04  3.35000E+04  1.00177E-03  1.7E-06 24
  3.40000E+04  3.45000E+04  1.11936E-03  1.7E-06 25
  3.50000E+04  3.55000E+04  1.23556E-03  1.8E-06 26
  3.60000E+04  3.65000E+04  1.34419E-03  1.9E-06 27
  3.70000E+04  3.75000E+04  1.45220E-03  2.0E-06 28
  3.80000E+04  3.85000E+04  1.55022E-03  2.1E-06 29
  3.90000E+04  3.95000E+04  1.64332E-03  2.2E-06 30
  4.00000E+04  4.05000E+04  1.73029E-03  2.2E-06 31
  4.10000E+04  4.15000E+04  1.80369E-03  2.3E-06 32
  4.20000E+04  4.25000E+04  1.87177E-03  2.3E-06 33
  4.30000E+04  4.35000E+04  1.93151E-03  2.4E-06 34
  4.40000E+04  4.45000E+04  1.98935E-03  2.4E-06 35
  4.50000E+04  4.55000E+04  2.03863E-03  2.5E-06 36
  4.60000E+04  4.65000E+04  2.08510E-03  2.5E-06 37
  4.70000E+04  4.75000E+04  2.13316E-03  2.6E-06 38
  4.80000E+04  4.85000E+04  2.18847E-03  2.7E-06 39
  4.90000E+04  4.95000E+04  2.24154E-03  2.7E-06 40
  5.00000E+04  5.05000E+04  2.26785E-03  2.8E-06 41
  5.10000E+04  5.15000E+04  2.27864E-03  2.8E-06 42
  5.20000E+04  5.25000E+04  2.28404E-03  2.8E-06 43
  5.30000E+04  5.35000E+04  2.28665E-03  2.8E-06 44
  5.40000E+04  5.45000E+04  2.29786E-03  2.9E-06 45
  5.50000E+04  5.55000E+04  2.30571E-03  2.9E-06 46
  5.60000E+04  5.65000E+04  2.30465E-03  2.9E-06 47
  5.70000E+04  5.75000E+04  2.29919E-03  2.9E-06 48
  5.80000E+04  5.85000E+04  2.29698E-03  2.9E-06 49
  5.90000E+04  5.95000E+04  6.07802E-03  4.7E-06 50
  6.00000E+04  6.05000E+04  9.15481E-03  5.7E-06 51
  6.10000E+04  6.15000E+04  2.22996E-03  2.9E-06 52
  6.20000E+04  6.25000E+04  2.20927E-03  2.9E-06 53
  6.30000E+04  6.35000E+04  2.18653E-03  2.9E-06 54
  6.40000E+04  6.45000E+04  2.16811E-03  2.9E-06 55
  6.50000E+04  6.55000E+04  2.14705E-03  2.9E-06 56
  6.60000E+04  6.65000E+04  2.12190E-03  2.9E-06 57
  6.70000E+04  6.75000E+04  2.09262E-03  2.9E-06 58
  6.80000E+04  6.85000E+04  4.98231E-03  4.4E-06 59
  6.90000E+04  6.95000E+04  2.02568E-03  2.9E-06 60
  7.00000E+04  7.05000E+04  2.36064E-03  3.1E-06 61
  7.10000E+04  7.15000E+04  1.52292E-03  2.5E-06 62
  7.20000E+04  7.25000E+04  1.51473E-03  2.5E-06 63
  7.30000E+04  7.35000E+04  1.50749E-03  2.5E-06 64
  7.40000E+04  7.45000E+04  2.55287E-03  3.4E-06 65
  7.50000E+04  7.55000E+04  1.47788E-03  2.5E-06 66
  7.60000E+04  7.65000E+04  1.46334E-03  2.5E-06 67
  7.70000E+04  7.75000E+04  3.26967E-03  3.9E-06 68
  7.80000E+04  7.85000E+04  1.42497E-03  2.5E-06 69
  7.90000E+04  7.95000E+04  1.40758E-03  2.5E-06 70
  8.00000E+04  8.05000E+04  1.38640E-03  2.5E-06 71
 
# Performance report
#   Random seeds:
#   1379062677
#   1373833211
#   No. of histories simulated [N]:
#           160081937.
#   CPU time [t] (s):
#    1.01425E+03
#   Speed (histories/s):
#    1.57832E+05
#   Average uncertainty (above 1/2 max score) in % [uncert]:
#    7.69282E-02
#   Intrinsic efficiency [N*uncert^2]^-1:
#    1.05557E-06
#   Absolute efficiency [t*uncert^2]^-1:
#    1.66603E-01
