#>>>>>>>>>>>>>>>>>>>>>>>>>>>>>>>>>>>>>>>>>>>>>>>>>>>>>>>>>>>>
# [SECTION REPORT FLUENCE SPECTRUM]
# PHOTONS                                                                       
#
# The spectral fluence is integrated over the detector volume, its units are cm^3/(cm^2*eV)=cm/eV.
#
# Detection material:
#  3
# Number of energy bins:
#  71
# Linear energy scale, bin width (eV):
#      Infinity
#
# For plotting purposes, two energies per bin are given, namely, the low end and the middle point of each bin.
#
# Elow(eV) : Emiddle(eV) : fluence(cm/eV) : +-2sigma : nbin
  1.00000E+04  1.05000E+04  1.03269E-04  6.8E-07 1
  1.10000E+04  1.15000E+04  2.99608E-05  3.7E-07 2
  1.20000E+04  1.25000E+04  3.76046E-05  4.3E-07 3
  1.30000E+04  1.35000E+04  9.12965E-05  6.6E-07 4
  1.40000E+04  1.45000E+04  2.30402E-06  9.3E-08 5
  1.50000E+04  1.55000E+04  3.64515E-05  4.2E-07 6
  1.60000E+04  1.65000E+04  1.31211E-05  1.9E-07 7
  1.70000E+04  1.75000E+04  3.32174E-05  2.8E-07 8
  1.80000E+04  1.85000E+04  7.58762E-05  4.3E-07 9
  1.90000E+04  1.95000E+04  1.47704E-04  5.9E-07 10
  2.00000E+04  2.05000E+04  2.52688E-04  7.7E-07 11
  2.10000E+04  2.15000E+04  3.85556E-04  9.5E-07 12
  2.20000E+04  2.25000E+04  5.43326E-04  1.1E-06 13
  2.30000E+04  2.35000E+04  7.21650E-04  1.3E-06 14
  2.40000E+04  2.45000E+04  9.11290E-04  1.5E-06 15
  2.50000E+04  2.55000E+04  1.10674E-03  1.6E-06 16
  2.60000E+04  2.65000E+04  1.30354E-03  1.7E-06 17
  2.70000E+04  2.75000E+04  1.48928E-03  1.9E-06 18
  2.80000E+04  2.85000E+04  1.66528E-03  2.0E-06 19
  2.90000E+04  2.95000E+04  1.82478E-03  2.1E-06 20
  3.00000E+04  3.05000E+04  1.96460E-03  2.1E-06 21
  3.10000E+04  3.15000E+04  2.07202E-03  2.2E-06 22
  3.20000E+04  3.25000E+04  2.16020E-03  2.2E-06 23
  3.30000E+04  3.35000E+04  2.22814E-03  2.3E-06 24
  3.40000E+04  3.45000E+04  2.28383E-03  2.3E-06 25
  3.50000E+04  3.55000E+04  2.33154E-03  2.3E-06 26
  3.60000E+04  3.65000E+04  2.37054E-03  2.4E-06 27
  3.70000E+04  3.75000E+04  2.39938E-03  2.4E-06 28
  3.80000E+04  3.85000E+04  2.41771E-03  2.4E-06 29
  3.90000E+04  3.95000E+04  2.43267E-03  2.4E-06 30
  4.00000E+04  4.05000E+04  2.44321E-03  2.5E-06 31
  4.10000E+04  4.15000E+04  2.44171E-03  2.5E-06 32
  4.20000E+04  4.25000E+04  2.43118E-03  2.5E-06 33
  4.30000E+04  4.35000E+04  2.41962E-03  2.5E-06 34
  4.40000E+04  4.45000E+04  2.40921E-03  2.5E-06 35
  4.50000E+04  4.55000E+04  2.39241E-03  2.5E-06 36
  4.60000E+04  4.65000E+04  2.37818E-03  2.6E-06 37
  4.70000E+04  4.75000E+04  2.37312E-03  2.6E-06 38
  4.80000E+04  4.85000E+04  2.37980E-03  2.6E-06 39
  4.90000E+04  4.95000E+04  2.37224E-03  2.6E-06 40
  5.00000E+04  5.05000E+04  2.34638E-03  2.6E-06 41
  5.10000E+04  5.15000E+04  2.31037E-03  2.6E-06 42
  5.20000E+04  5.25000E+04  2.27260E-03  2.6E-06 43
  5.30000E+04  5.35000E+04  2.24143E-03  2.6E-06 44
  5.40000E+04  5.45000E+04  2.20755E-03  2.6E-06 45
  5.50000E+04  5.55000E+04  2.17770E-03  2.6E-06 46
  5.60000E+04  5.65000E+04  2.13545E-03  2.6E-06 47
  5.70000E+04  5.75000E+04  3.83936E-03  3.9E-06 48
  5.80000E+04  5.85000E+04  2.05480E-03  2.6E-06 49
  5.90000E+04  5.95000E+04  7.47292E-03  5.3E-06 50
  6.00000E+04  6.05000E+04  6.15664E-03  4.5E-06 51
  6.10000E+04  6.15000E+04  1.89673E-03  2.5E-06 52
  6.20000E+04  6.25000E+04  1.85430E-03  2.5E-06 53
  6.30000E+04  6.35000E+04  1.80960E-03  2.5E-06 54
  6.40000E+04  6.45000E+04  1.76601E-03  2.5E-06 55
  6.50000E+04  6.55000E+04  1.72083E-03  2.4E-06 56
  6.60000E+04  6.65000E+04  2.07299E-03  2.8E-06 57
  6.70000E+04  6.75000E+04  2.41225E-03  3.1E-06 58
  6.80000E+04  6.85000E+04  3.21034E-03  3.4E-06 59
  6.90000E+04  6.95000E+04  1.64177E-03  2.4E-06 60
  7.00000E+04  7.05000E+04  1.30904E-03  1.8E-06 61
  7.10000E+04  7.15000E+04  9.49878E-04  1.6E-06 62
  7.20000E+04  7.25000E+04  9.24474E-04  1.6E-06 63
  7.30000E+04  7.35000E+04  8.98426E-04  1.5E-06 64
  7.40000E+04  7.45000E+04  9.13050E-04  1.6E-06 65
  7.50000E+04  7.55000E+04  8.43200E-04  1.5E-06 66
  7.60000E+04  7.65000E+04  8.16594E-04  1.5E-06 67
  7.70000E+04  7.75000E+04  8.62063E-04  1.6E-06 68
  7.80000E+04  7.85000E+04  7.62095E-04  1.5E-06 69
  7.90000E+04  7.95000E+04  7.33548E-04  1.4E-06 70
  8.00000E+04  8.05000E+04  7.03203E-04  1.4E-06 71
 
# Performance report
#   Random seeds:
#   1026946724
#   1613723422
#   No. of histories simulated [N]:
#           184688617.
#   CPU time [t] (s):
#    1.07942E+03
#   Speed (histories/s):
#    1.71101E+05
#   Average uncertainty (above 1/2 max score) in % [uncert]:
#    8.23916E-02
#   Intrinsic efficiency [N*uncert^2]^-1:
#    7.97617E-07
#   Absolute efficiency [t*uncert^2]^-1:
#    1.36473E-01
