#>>>>>>>>>>>>>>>>>>>>>>>>>>>>>>>>>>>>>>>>>>>>>>>>>>>>>>>>>>>>
# [SECTION REPORT FLUENCE SPECTRUM]
# PHOTONS                                                                       
#
# The spectral fluence is integrated over the detector volume, its units are cm^3/(cm^2*eV)=cm/eV.
#
# Detection material:
#  3
# Number of energy bins:
#  71
# Linear energy scale, bin width (eV):
#      Infinity
#
# For plotting purposes, two energies per bin are given, namely, the low end and the middle point of each bin.
#
# Elow(eV) : Emiddle(eV) : fluence(cm/eV) : +-2sigma : nbin
  1.00000E+04  1.05000E+04  4.39975E-04  1.0E-06 1
  1.10000E+04  1.15000E+04  1.03477E-05  1.6E-07 2
  1.20000E+04  1.25000E+04  2.32761E-04  7.8E-07 3
  1.30000E+04  1.35000E+04  5.75277E-04  1.2E-06 4
  1.40000E+04  1.45000E+04  6.74907E-06  1.3E-07 5
  1.50000E+04  1.55000E+04  1.46601E-04  6.3E-07 6
  1.60000E+04  1.65000E+04  1.70179E-05  1.8E-07 7
  1.70000E+04  1.75000E+04  3.34981E-05  2.2E-07 8
  1.80000E+04  1.85000E+04  7.67711E-05  3.3E-07 9
  1.90000E+04  1.95000E+04  1.50255E-04  4.6E-07 10
  2.00000E+04  2.05000E+04  2.59562E-04  6.1E-07 11
  2.10000E+04  2.15000E+04  4.00835E-04  7.7E-07 12
  2.20000E+04  2.25000E+04  5.76157E-04  9.3E-07 13
  2.30000E+04  2.35000E+04  8.14751E-04  1.1E-06 14
  2.40000E+04  2.45000E+04  1.09910E-03  1.4E-06 15
  2.50000E+04  2.55000E+04  1.32306E-03  1.5E-06 16
  2.60000E+04  2.65000E+04  8.38254E-03  4.5E-06 17
  2.70000E+04  2.75000E+04  1.76210E-03  1.7E-06 18
  2.80000E+04  2.85000E+04  2.00364E-03  1.9E-06 19
  2.90000E+04  2.95000E+04  3.77243E-03  2.8E-06 20
  3.00000E+04  3.05000E+04  2.62069E-03  2.2E-06 21
  3.10000E+04  3.15000E+04  2.26046E-03  1.9E-06 22
  3.20000E+04  3.25000E+04  2.39019E-03  1.9E-06 23
  3.30000E+04  3.35000E+04  2.50631E-03  2.0E-06 24
  3.40000E+04  3.45000E+04  2.61249E-03  2.1E-06 25
  3.50000E+04  3.55000E+04  2.70235E-03  2.1E-06 26
  3.60000E+04  3.65000E+04  2.78297E-03  2.2E-06 27
  3.70000E+04  3.75000E+04  2.85201E-03  2.2E-06 28
  3.80000E+04  3.85000E+04  2.90951E-03  2.3E-06 29
  3.90000E+04  3.95000E+04  2.95794E-03  2.3E-06 30
  4.00000E+04  4.05000E+04  2.99591E-03  2.4E-06 31
  4.10000E+04  4.15000E+04  3.01135E-03  2.4E-06 32
  4.20000E+04  4.25000E+04  3.01735E-03  2.4E-06 33
  4.30000E+04  4.35000E+04  3.01454E-03  2.4E-06 34
  4.40000E+04  4.45000E+04  3.00786E-03  2.4E-06 35
  4.50000E+04  4.55000E+04  2.99350E-03  2.4E-06 36
  4.60000E+04  4.65000E+04  2.97348E-03  2.4E-06 37
  4.70000E+04  4.75000E+04  2.95947E-03  2.5E-06 38
  4.80000E+04  4.85000E+04  2.94749E-03  2.5E-06 39
  4.90000E+04  4.95000E+04  2.93227E-03  2.5E-06 40
  5.00000E+04  5.05000E+04  2.89476E-03  2.5E-06 41
  5.10000E+04  5.15000E+04  2.84472E-03  2.5E-06 42
  5.20000E+04  5.25000E+04  2.78998E-03  2.4E-06 43
  5.30000E+04  5.35000E+04  2.73781E-03  2.4E-06 44
  5.40000E+04  5.45000E+04  2.69172E-03  2.4E-06 45
  5.50000E+04  5.55000E+04  2.64117E-03  2.4E-06 46
  5.60000E+04  5.65000E+04  2.58491E-03  2.4E-06 47
  5.70000E+04  5.75000E+04  2.53141E-03  2.4E-06 48
  5.80000E+04  5.85000E+04  2.47499E-03  2.3E-06 49
  5.90000E+04  5.95000E+04  5.26967E-03  3.4E-06 50
  6.00000E+04  6.05000E+04  7.42088E-03  4.0E-06 51
  6.10000E+04  6.15000E+04  2.27695E-03  2.3E-06 52
  6.20000E+04  6.25000E+04  2.21435E-03  2.2E-06 53
  6.30000E+04  6.35000E+04  2.15049E-03  2.2E-06 54
  6.40000E+04  6.45000E+04  2.09140E-03  2.2E-06 55
  6.50000E+04  6.55000E+04  2.03037E-03  2.2E-06 56
  6.60000E+04  6.65000E+04  1.96743E-03  2.1E-06 57
  6.70000E+04  6.75000E+04  1.90722E-03  2.1E-06 58
  6.80000E+04  6.85000E+04  3.74751E-03  2.9E-06 59
  6.90000E+04  6.95000E+04  1.77908E-03  2.0E-06 60
  7.00000E+04  7.05000E+04  2.08054E-03  2.2E-06 61
  7.10000E+04  7.15000E+04  1.50782E-03  1.9E-06 62
  7.20000E+04  7.25000E+04  1.46263E-03  1.8E-06 63
  7.30000E+04  7.35000E+04  1.41302E-03  1.8E-06 64
  7.40000E+04  7.45000E+04  1.45882E-03  1.9E-06 65
  7.50000E+04  7.55000E+04  1.31715E-03  1.8E-06 66
  7.60000E+04  7.65000E+04  1.26792E-03  1.7E-06 67
  7.70000E+04  7.75000E+04  1.37766E-03  1.8E-06 68
  7.80000E+04  7.85000E+04  1.16970E-03  1.7E-06 69
  7.90000E+04  7.95000E+04  1.11968E-03  1.6E-06 70
  8.00000E+04  8.05000E+04  1.07059E-03  1.6E-06 71
 
# Performance report
#   Random seeds:
#   1896476126
#   1348480041
#   No. of histories simulated [N]:
#           316999338.
#   CPU time [t] (s):
#    2.01494E+03
#   Speed (histories/s):
#    1.57324E+05
#   Average uncertainty (above 1/2 max score) in % [uncert]:
#    5.77570E-02
#   Intrinsic efficiency [N*uncert^2]^-1:
#    9.45655E-07
#   Absolute efficiency [t*uncert^2]^-1:
#    1.48775E-01
