#>>>>>>>>>>>>>>>>>>>>>>>>>>>>>>>>>>>>>>>>>>>>>>>>>>>>>>>>>>>>
# [SECTION REPORT FLUENCE SPECTRUM]
# PHOTONS                                                                       
#
# The spectral fluence is integrated over the detector volume, its units are cm^3/(cm^2*eV)=cm/eV.
#
# Detection material:
#  3
# Number of energy bins:
#  71
# Linear energy scale, bin width (eV):
#      Infinity
#
# For plotting purposes, two energies per bin are given, namely, the low end and the middle point of each bin.
#
# Elow(eV) : Emiddle(eV) : fluence(cm/eV) : +-2sigma : nbin
  1.00000E+04  1.05000E+04  3.68402E-04  2.7E-07 1
  1.10000E+04  1.15000E+04  8.38853E-06  4.2E-08 2
  1.20000E+04  1.25000E+04  1.96767E-04  2.1E-07 3
  1.30000E+04  1.35000E+04  4.71444E-04  3.2E-07 4
  1.40000E+04  1.45000E+04  3.33125E-06  2.7E-08 5
  1.50000E+04  1.55000E+04  8.60137E-05  1.4E-07 6
  1.60000E+04  1.65000E+04  3.39145E-06  2.8E-08 7
  1.70000E+04  1.75000E+04  4.32620E-08  3.1E-09 8
  1.80000E+04  1.85000E+04  1.08869E-06  1.1E-08 9
  1.90000E+04  1.95000E+04  2.30351E-06  1.7E-08 10
  2.00000E+04  2.05000E+04  7.65506E-06  3.0E-08 11
  2.10000E+04  2.15000E+04  1.63986E-05  4.3E-08 12
  2.20000E+04  2.25000E+04  3.35875E-05  6.2E-08 13
  2.30000E+04  2.35000E+04  6.15144E-05  8.3E-08 14
  2.40000E+04  2.45000E+04  1.01184E-04  1.1E-07 15
  2.50000E+04  2.55000E+04  1.56455E-04  1.3E-07 16
  2.60000E+04  2.65000E+04  2.26707E-04  1.6E-07 17
  2.70000E+04  2.75000E+04  3.11774E-04  1.9E-07 18
  2.80000E+04  2.85000E+04  4.10202E-04  2.1E-07 19
  2.90000E+04  2.95000E+04  5.20942E-04  2.4E-07 20
  3.00000E+04  3.05000E+04  6.39073E-04  2.6E-07 21
  3.10000E+04  3.15000E+04  7.58187E-04  2.9E-07 22
  3.20000E+04  3.25000E+04  8.77141E-04  3.1E-07 23
  3.30000E+04  3.35000E+04  9.96213E-04  3.3E-07 24
  3.40000E+04  3.45000E+04  1.11192E-03  3.5E-07 25
  3.50000E+04  3.55000E+04  1.22248E-03  3.6E-07 26
  3.60000E+04  3.65000E+04  1.32665E-03  3.8E-07 27
  3.70000E+04  3.75000E+04  1.42413E-03  3.9E-07 28
  3.80000E+04  3.85000E+04  1.51390E-03  4.0E-07 29
  3.90000E+04  3.95000E+04  1.59474E-03  4.1E-07 30
  4.00000E+04  4.05000E+04  1.66807E-03  4.2E-07 31
  4.10000E+04  4.15000E+04  1.72686E-03  4.3E-07 32
  4.20000E+04  4.25000E+04  1.77704E-03  4.4E-07 33
  4.30000E+04  4.35000E+04  1.82073E-03  4.4E-07 34
  4.40000E+04  4.45000E+04  1.85872E-03  4.5E-07 35
  4.50000E+04  4.55000E+04  1.89035E-03  4.6E-07 36
  4.60000E+04  4.65000E+04  1.91877E-03  4.6E-07 37
  4.70000E+04  4.75000E+04  1.94553E-03  4.7E-07 38
  4.80000E+04  4.85000E+04  1.98195E-03  4.8E-07 39
  4.90000E+04  4.95000E+04  2.01646E-03  4.8E-07 40
  5.00000E+04  5.05000E+04  2.02461E-03  4.9E-07 41
  5.10000E+04  5.15000E+04  2.02163E-03  4.9E-07 42
  5.20000E+04  5.25000E+04  2.01611E-03  4.9E-07 43
  5.30000E+04  5.35000E+04  2.01261E-03  4.9E-07 44
  5.40000E+04  5.45000E+04  2.01396E-03  4.9E-07 45
  5.50000E+04  5.55000E+04  2.00927E-03  5.0E-07 46
  5.60000E+04  5.65000E+04  2.00207E-03  5.0E-07 47
  5.70000E+04  5.75000E+04  1.99383E-03  5.0E-07 48
  5.80000E+04  5.85000E+04  1.98832E-03  5.0E-07 49
  5.90000E+04  5.95000E+04  5.24259E-03  8.0E-07 50
  6.00000E+04  6.05000E+04  7.87943E-03  9.7E-07 51
  6.10000E+04  6.15000E+04  1.92280E-03  5.0E-07 52
  6.20000E+04  6.25000E+04  1.90476E-03  5.0E-07 53
  6.30000E+04  6.35000E+04  1.88690E-03  5.0E-07 54
  6.40000E+04  6.45000E+04  1.86861E-03  5.0E-07 55
  6.50000E+04  6.55000E+04  1.85047E-03  5.0E-07 56
  6.60000E+04  6.65000E+04  1.83120E-03  5.0E-07 57
  6.70000E+04  6.75000E+04  1.80896E-03  5.0E-07 58
  6.80000E+04  6.85000E+04  4.29767E-03  7.7E-07 59
  6.90000E+04  6.95000E+04  1.75306E-03  5.0E-07 60
  7.00000E+04  7.05000E+04  2.04503E-03  5.4E-07 61
  7.10000E+04  7.15000E+04  1.32172E-03  4.4E-07 62
  7.20000E+04  7.25000E+04  1.31778E-03  4.4E-07 63
  7.30000E+04  7.35000E+04  1.31274E-03  4.4E-07 64
  7.40000E+04  7.45000E+04  2.80534E-03  7.2E-07 65
  7.50000E+04  7.55000E+04  1.29189E-03  4.4E-07 66
  7.60000E+04  7.65000E+04  1.28222E-03  4.4E-07 67
  7.70000E+04  7.75000E+04  3.87801E-03  8.7E-07 68
  7.80000E+04  7.85000E+04  1.25095E-03  4.4E-07 69
  7.90000E+04  7.95000E+04  1.23675E-03  4.4E-07 70
  8.00000E+04  8.05000E+04  1.22153E-03  4.4E-07 71
 
# Performance report
#   Random seeds:
#   1909897809
#    705094836
#   No. of histories simulated [N]:
#          4000000000.
#   CPU time [t] (s):
#    1.00684E+04
#   Speed (histories/s):
#    3.97281E+05
#   Average uncertainty (above 1/2 max score) in % [uncert]:
#    1.53270E-02
#   Intrinsic efficiency [N*uncert^2]^-1:
#    1.06420E-06
#   Absolute efficiency [t*uncert^2]^-1:
#    4.22788E-01
