#>>>>>>>>>>>>>>>>>>>>>>>>>>>>>>>>>>>>>>>>>>>>>>>>>>>>>>>>>>>>
# [SECTION REPORT FLUENCE SPECTRUM]
# PHOTONS                                                                       
#
# The spectral fluence is integrated over the detector volume, its units are cm^3/(cm^2*eV)=cm/eV.
#
# Detection material:
#  3
# Number of energy bins:
#  71
# Linear energy scale, bin width (eV):
#      Infinity
#
# For plotting purposes, two energies per bin are given, namely, the low end and the middle point of each bin.
#
# Elow(eV) : Emiddle(eV) : fluence(cm/eV) : +-2sigma : nbin
  1.00000E+04  1.05000E+04  0.00000E+00  0.0E+00 1
  1.10000E+04  1.15000E+04  1.27518E-09  1.9E-09 2
  1.20000E+04  1.25000E+04  0.00000E+00  0.0E+00 3
  1.30000E+04  1.35000E+04  0.00000E+00  0.0E+00 4
  1.40000E+04  1.45000E+04  1.34785E-08  9.8E-09 5
  1.50000E+04  1.55000E+04  9.06311E-09  7.3E-09 6
  1.60000E+04  1.65000E+04  3.63240E-08  1.5E-08 7
  1.70000E+04  1.75000E+04  1.18096E-07  2.6E-08 8
  1.80000E+04  1.85000E+04  1.62010E-06  8.4E-08 9
  1.90000E+04  1.95000E+04  3.44042E-06  1.2E-07 10
  2.00000E+04  2.05000E+04  1.23147E-05  2.4E-07 11
  2.10000E+04  2.15000E+04  3.02681E-05  3.8E-07 12
  2.20000E+04  2.25000E+04  8.25449E-05  6.5E-07 13
  2.30000E+04  2.35000E+04  2.52516E-04  1.2E-06 14
  2.40000E+04  2.45000E+04  4.48308E-04  1.5E-06 15
  2.50000E+04  2.55000E+04  3.64539E-03  4.3E-06 16
  2.60000E+04  2.65000E+04  1.53816E-02  8.7E-06 17
  2.70000E+04  2.75000E+04  5.61457E-04  1.6E-06 18
  2.80000E+04  2.85000E+04  1.34320E-03  2.6E-06 19
  2.90000E+04  2.95000E+04  3.37158E-03  4.2E-06 20
  3.00000E+04  3.05000E+04  1.40412E-03  2.5E-06 21
  3.10000E+04  3.15000E+04  9.13299E-04  1.8E-06 22
  3.20000E+04  3.25000E+04  1.08145E-03  2.0E-06 23
  3.30000E+04  3.35000E+04  1.25272E-03  2.2E-06 24
  3.40000E+04  3.45000E+04  1.42774E-03  2.3E-06 25
  3.50000E+04  3.55000E+04  1.59851E-03  2.5E-06 26
  3.60000E+04  3.65000E+04  1.76972E-03  2.7E-06 27
  3.70000E+04  3.75000E+04  1.93259E-03  2.8E-06 28
  3.80000E+04  3.85000E+04  2.09100E-03  2.9E-06 29
  3.90000E+04  3.95000E+04  2.23822E-03  3.1E-06 30
  4.00000E+04  4.05000E+04  2.37307E-03  3.2E-06 31
  4.10000E+04  4.15000E+04  2.49123E-03  3.3E-06 32
  4.20000E+04  4.25000E+04  2.59185E-03  3.3E-06 33
  4.30000E+04  4.35000E+04  2.68806E-03  3.4E-06 34
  4.40000E+04  4.45000E+04  2.77136E-03  3.5E-06 35
  4.50000E+04  4.55000E+04  2.84257E-03  3.5E-06 36
  4.60000E+04  4.65000E+04  2.90256E-03  3.6E-06 37
  4.70000E+04  4.75000E+04  2.95932E-03  3.6E-06 38
  4.80000E+04  4.85000E+04  3.02509E-03  3.7E-06 39
  4.90000E+04  4.95000E+04  3.08567E-03  3.8E-06 40
  5.00000E+04  5.05000E+04  3.10576E-03  3.8E-06 41
  5.10000E+04  5.15000E+04  3.10500E-03  3.8E-06 42
  5.20000E+04  5.25000E+04  3.09304E-03  3.8E-06 43
  5.30000E+04  5.35000E+04  3.08717E-03  3.8E-06 44
  5.40000E+04  5.45000E+04  3.08230E-03  3.8E-06 45
  5.50000E+04  5.55000E+04  3.06787E-03  3.8E-06 46
  5.60000E+04  5.65000E+04  3.04466E-03  3.8E-06 47
  5.70000E+04  5.75000E+04  3.01562E-03  3.8E-06 48
  5.80000E+04  5.85000E+04  2.98824E-03  3.8E-06 49
  5.90000E+04  5.95000E+04  7.94064E-03  6.0E-06 50
  6.00000E+04  6.05000E+04  1.19013E-02  7.3E-06 51
  6.10000E+04  6.15000E+04  2.84067E-03  3.7E-06 52
  6.20000E+04  6.25000E+04  2.80074E-03  3.7E-06 53
  6.30000E+04  6.35000E+04  2.75991E-03  3.6E-06 54
  6.40000E+04  6.45000E+04  2.71637E-03  3.6E-06 55
  6.50000E+04  6.55000E+04  2.66819E-03  3.6E-06 56
  6.60000E+04  6.65000E+04  2.62366E-03  3.6E-06 57
  6.70000E+04  6.75000E+04  2.57215E-03  3.5E-06 58
  6.80000E+04  6.85000E+04  6.15300E-03  5.4E-06 59
  6.90000E+04  6.95000E+04  2.46451E-03  3.5E-06 60
  7.00000E+04  7.05000E+04  2.86860E-03  3.7E-06 61
  7.10000E+04  7.15000E+04  1.82491E-03  3.0E-06 62
  7.20000E+04  7.25000E+04  1.80759E-03  3.0E-06 63
  7.30000E+04  7.35000E+04  1.79162E-03  3.0E-06 64
  7.40000E+04  7.45000E+04  1.76925E-03  3.0E-06 65
  7.50000E+04  7.55000E+04  1.74467E-03  2.9E-06 66
  7.60000E+04  7.65000E+04  1.71957E-03  2.9E-06 67
  7.70000E+04  7.75000E+04  1.69520E-03  2.9E-06 68
  7.80000E+04  7.85000E+04  1.66834E-03  2.9E-06 69
  7.90000E+04  7.95000E+04  1.64013E-03  2.9E-06 70
  8.00000E+04  8.05000E+04  1.61091E-03  2.8E-06 71
 
# Performance report
#   Random seeds:
#   1414720365
#   1398853429
#   No. of histories simulated [N]:
#           153591480.
#   CPU time [t] (s):
#    1.01494E+03
#   Speed (histories/s):
#    1.51331E+05
#   Average uncertainty (above 1/2 max score) in % [uncert]:
#    6.53346E-02
#   Intrinsic efficiency [N*uncert^2]^-1:
#    1.52527E-06
#   Absolute efficiency [t*uncert^2]^-1:
#    2.30821E-01
