#>>>>>>>>>>>>>>>>>>>>>>>>>>>>>>>>>>>>>>>>>>>>>>>>>>>>>>>>>>>>
# [SECTION REPORT FLUENCE SPECTRUM]
# PHOTONS                                                                       
#
# The spectral fluence is integrated over the detector volume, its units are cm^3/(cm^2*eV)=cm/eV.
#
# Detection material:
#  3
# Number of energy bins:
#  71
# Linear energy scale, bin width (eV):
#      Infinity
#
# For plotting purposes, two energies per bin are given, namely, the low end and the middle point of each bin.
#
# Elow(eV) : Emiddle(eV) : fluence(cm/eV) : +-2sigma : nbin
  1.00000E+04  1.05000E+04  4.93109E-04  1.7E-06 1
  1.10000E+04  1.15000E+04  1.15058E-05  2.6E-07 2
  1.20000E+04  1.25000E+04  2.57041E-04  1.3E-06 3
  1.30000E+04  1.35000E+04  6.26918E-04  2.0E-06 4
  1.40000E+04  1.45000E+04  6.44720E-06  2.0E-07 5
  1.50000E+04  1.55000E+04  1.40790E-04  9.5E-07 6
  1.60000E+04  1.65000E+04  1.68519E-05  2.7E-07 7
  1.70000E+04  1.75000E+04  3.33851E-05  3.4E-07 8
  1.80000E+04  1.85000E+04  7.66629E-05  5.1E-07 9
  1.90000E+04  1.95000E+04  1.49611E-04  7.1E-07 10
  2.00000E+04  2.05000E+04  2.58977E-04  9.4E-07 11
  2.10000E+04  2.15000E+04  3.97469E-04  1.2E-06 12
  2.20000E+04  2.25000E+04  5.69523E-04  1.4E-06 13
  2.30000E+04  2.35000E+04  7.70996E-04  1.7E-06 14
  2.40000E+04  2.45000E+04  9.94013E-04  1.9E-06 15
  2.50000E+04  2.55000E+04  1.23135E-03  2.2E-06 16
  2.60000E+04  2.65000E+04  1.48093E-03  2.4E-06 17
  2.70000E+04  2.75000E+04  1.73506E-03  2.6E-06 18
  2.80000E+04  2.85000E+04  1.98852E-03  2.9E-06 19
  2.90000E+04  2.95000E+04  2.22869E-03  3.1E-06 20
  3.00000E+04  3.05000E+04  2.45741E-03  3.3E-06 21
  3.10000E+04  3.15000E+04  2.64897E-03  3.4E-06 22
  3.20000E+04  3.25000E+04  2.81786E-03  3.6E-06 23
  3.30000E+04  3.35000E+04  2.96191E-03  3.7E-06 24
  3.40000E+04  3.45000E+04  3.09277E-03  3.8E-06 25
  3.50000E+04  3.55000E+04  3.20208E-03  3.9E-06 26
  3.60000E+04  3.65000E+04  3.29704E-03  4.0E-06 27
  3.70000E+04  3.75000E+04  3.37314E-03  4.1E-06 28
  3.80000E+04  3.85000E+04  3.43009E-03  4.1E-06 29
  3.90000E+04  3.95000E+04  3.47487E-03  4.2E-06 30
  4.00000E+04  4.05000E+04  3.50605E-03  4.2E-06 31
  4.10000E+04  4.15000E+04  3.51077E-03  4.2E-06 32
  4.20000E+04  4.25000E+04  3.50522E-03  4.3E-06 33
  4.30000E+04  4.35000E+04  3.48601E-03  4.3E-06 34
  4.40000E+04  4.45000E+04  3.46130E-03  4.3E-06 35
  4.50000E+04  4.55000E+04  3.43250E-03  4.3E-06 36
  4.60000E+04  4.65000E+04  3.39601E-03  4.3E-06 37
  4.70000E+04  4.75000E+04  3.35987E-03  4.2E-06 38
  4.80000E+04  4.85000E+04  3.32984E-03  4.2E-06 39
  4.90000E+04  4.95000E+04  3.29615E-03  4.2E-06 40
  5.00000E+04  5.05000E+04  3.23857E-03  4.2E-06 41
  5.10000E+04  5.15000E+04  3.16990E-03  4.2E-06 42
  5.20000E+04  5.25000E+04  3.09578E-03  4.1E-06 43
  5.30000E+04  5.35000E+04  3.03102E-03  4.1E-06 44
  5.40000E+04  5.45000E+04  2.96529E-03  4.0E-06 45
  5.50000E+04  5.55000E+04  2.89648E-03  4.0E-06 46
  5.60000E+04  5.65000E+04  2.82736E-03  4.0E-06 47
  5.70000E+04  5.75000E+04  2.75909E-03  3.9E-06 48
  5.80000E+04  5.85000E+04  2.69215E-03  3.9E-06 49
  5.90000E+04  5.95000E+04  5.72209E-03  5.6E-06 50
  6.00000E+04  6.05000E+04  8.03819E-03  6.6E-06 51
  6.10000E+04  6.15000E+04  2.45376E-03  3.7E-06 52
  6.20000E+04  6.25000E+04  2.37561E-03  3.7E-06 53
  6.30000E+04  6.35000E+04  2.30623E-03  3.6E-06 54
  6.40000E+04  6.45000E+04  2.23924E-03  3.6E-06 55
  6.50000E+04  6.55000E+04  2.16332E-03  3.5E-06 56
  6.60000E+04  6.65000E+04  2.09635E-03  3.5E-06 57
  6.70000E+04  6.75000E+04  2.02782E-03  3.4E-06 58
  6.80000E+04  6.85000E+04  3.98381E-03  4.7E-06 59
  6.90000E+04  6.95000E+04  1.88232E-03  3.3E-06 60
  7.00000E+04  7.05000E+04  2.20023E-03  3.5E-06 61
  7.10000E+04  7.15000E+04  1.58861E-03  3.0E-06 62
  7.20000E+04  7.25000E+04  1.53630E-03  3.0E-06 63
  7.30000E+04  7.35000E+04  1.48230E-03  2.9E-06 64
  7.40000E+04  7.45000E+04  1.55133E-03  3.0E-06 65
  7.50000E+04  7.55000E+04  1.38214E-03  2.8E-06 66
  7.60000E+04  7.65000E+04  1.32493E-03  2.8E-06 67
  7.70000E+04  7.75000E+04  1.47985E-03  2.9E-06 68
  7.80000E+04  7.85000E+04  1.22188E-03  2.7E-06 69
  7.90000E+04  7.95000E+04  1.16814E-03  2.6E-06 70
  8.00000E+04  8.05000E+04  1.11303E-03  2.5E-06 71
 
# Performance report
#   Random seeds:
#    888493522
#   1945147773
#   No. of histories simulated [N]:
#           132484728.
#   CPU time [t] (s):
#    8.21113E+02
#   Speed (histories/s):
#    1.61348E+05
#   Average uncertainty (above 1/2 max score) in % [uncert]:
#    9.05269E-02
#   Intrinsic efficiency [N*uncert^2]^-1:
#    9.21041E-07
#   Absolute efficiency [t*uncert^2]^-1:
#    1.48608E-01
