#>>>>>>>>>>>>>>>>>>>>>>>>>>>>>>>>>>>>>>>>>>>>>>>>>>>>>>>>>>>>
# [SECTION REPORT FLUENCE SPECTRUM]
# PHOTONS                                                                       
#
# The spectral fluence is integrated over the detector volume, its units are cm^3/(cm^2*eV)=cm/eV.
#
# Detection material:
#  3
# Number of energy bins:
#  71
# Linear energy scale, bin width (eV):
#      Infinity
#
# For plotting purposes, two energies per bin are given, namely, the low end and the middle point of each bin.
#
# Elow(eV) : Emiddle(eV) : fluence(cm/eV) : +-2sigma : nbin
  1.00000E+04  1.05000E+04  5.17187E-06  2.2E-07 1
  1.10000E+04  1.15000E+04  3.66274E-05  6.0E-07 2
  1.20000E+04  1.25000E+04  1.34348E-06  1.2E-07 3
  1.30000E+04  1.35000E+04  1.17548E-08  1.1E-08 4
  1.40000E+04  1.45000E+04  1.01626E-06  7.4E-08 5
  1.50000E+04  1.55000E+04  6.31491E-06  1.8E-07 6
  1.60000E+04  1.65000E+04  2.25724E-05  3.4E-07 7
  1.70000E+04  1.75000E+04  6.11883E-05  5.6E-07 8
  1.80000E+04  1.85000E+04  1.35384E-04  8.3E-07 9
  1.90000E+04  1.95000E+04  2.56945E-04  1.1E-06 10
  2.00000E+04  2.05000E+04  4.26893E-04  1.5E-06 11
  2.10000E+04  2.15000E+04  6.31099E-04  1.8E-06 12
  2.20000E+04  2.25000E+04  8.64654E-04  2.1E-06 13
  2.30000E+04  2.35000E+04  1.11789E-03  2.4E-06 14
  2.40000E+04  2.45000E+04  1.37468E-03  2.6E-06 15
  2.50000E+04  2.55000E+04  1.63488E-03  2.8E-06 16
  2.60000E+04  2.65000E+04  1.88235E-03  3.0E-06 17
  2.70000E+04  2.75000E+04  2.10886E-03  3.2E-06 18
  2.80000E+04  2.85000E+04  2.31531E-03  3.4E-06 19
  2.90000E+04  2.95000E+04  2.49793E-03  3.5E-06 20
  3.00000E+04  3.05000E+04  2.65761E-03  3.6E-06 21
  3.10000E+04  3.15000E+04  2.76263E-03  3.7E-06 22
  3.20000E+04  3.25000E+04  2.84118E-03  3.7E-06 23
  3.30000E+04  3.35000E+04  2.90181E-03  3.8E-06 24
  3.40000E+04  3.45000E+04  2.94976E-03  3.8E-06 25
  3.50000E+04  3.55000E+04  2.98329E-03  3.9E-06 26
  3.60000E+04  3.65000E+04  3.00527E-03  3.9E-06 27
  3.70000E+04  3.75000E+04  3.01641E-03  3.9E-06 28
  3.80000E+04  3.85000E+04  3.02436E-03  4.0E-06 29
  3.90000E+04  3.95000E+04  3.02174E-03  4.0E-06 30
  4.00000E+04  4.05000E+04  3.01458E-03  4.0E-06 31
  4.10000E+04  4.15000E+04  2.99029E-03  4.0E-06 32
  4.20000E+04  4.25000E+04  2.95937E-03  4.1E-06 33
  4.30000E+04  4.35000E+04  2.92210E-03  4.1E-06 34
  4.40000E+04  4.45000E+04  2.89271E-03  4.1E-06 35
  4.50000E+04  4.55000E+04  2.85129E-03  4.1E-06 36
  4.60000E+04  4.65000E+04  2.80967E-03  4.1E-06 37
  4.70000E+04  4.75000E+04  2.77646E-03  4.1E-06 38
  4.80000E+04  4.85000E+04  2.74067E-03  4.1E-06 39
  4.90000E+04  4.95000E+04  2.69702E-03  4.1E-06 40
  5.00000E+04  5.05000E+04  2.63949E-03  4.1E-06 41
  5.10000E+04  5.15000E+04  2.57845E-03  4.1E-06 42
  5.20000E+04  5.25000E+04  2.51634E-03  4.1E-06 43
  5.30000E+04  5.35000E+04  2.45352E-03  4.0E-06 44
  5.40000E+04  5.45000E+04  2.38518E-03  4.0E-06 45
  5.50000E+04  5.55000E+04  2.31546E-03  4.0E-06 46
  5.60000E+04  5.65000E+04  2.23791E-03  3.9E-06 47
  5.70000E+04  5.75000E+04  2.86001E-03  4.7E-06 48
  5.80000E+04  5.85000E+04  2.08582E-03  3.8E-06 49
  5.90000E+04  5.95000E+04  3.99784E-03  5.7E-06 50
  6.00000E+04  6.05000E+04  3.25682E-03  4.8E-06 51
  6.10000E+04  6.15000E+04  1.82912E-03  3.6E-06 52
  6.20000E+04  6.25000E+04  1.74579E-03  3.6E-06 53
  6.30000E+04  6.35000E+04  1.65719E-03  3.5E-06 54
  6.40000E+04  6.45000E+04  1.57133E-03  3.4E-06 55
  6.50000E+04  6.55000E+04  1.48353E-03  3.3E-06 56
  6.60000E+04  6.65000E+04  1.54953E-03  3.5E-06 57
  6.70000E+04  6.75000E+04  1.61028E-03  3.6E-06 58
  6.80000E+04  6.85000E+04  1.72312E-03  3.6E-06 59
  6.90000E+04  6.95000E+04  1.07496E-03  2.8E-06 60
  7.00000E+04  7.05000E+04  7.85518E-04  2.0E-06 61
  7.10000E+04  7.15000E+04  6.24724E-04  1.8E-06 62
  7.20000E+04  7.25000E+04  5.64473E-04  1.7E-06 63
  7.30000E+04  7.35000E+04  5.03088E-04  1.6E-06 64
  7.40000E+04  7.45000E+04  4.41412E-04  1.5E-06 65
  7.50000E+04  7.55000E+04  3.79680E-04  1.4E-06 66
  7.60000E+04  7.65000E+04  3.17094E-04  1.3E-06 67
  7.70000E+04  7.75000E+04  2.55575E-04  1.2E-06 68
  7.80000E+04  7.85000E+04  1.91235E-04  1.0E-06 69
  7.90000E+04  7.95000E+04  1.28404E-04  8.4E-07 70
  8.00000E+04  8.05000E+04  6.42282E-05  6.0E-07 71
 
# Performance report
#   Random seeds:
#   2060627851
#   1797385212
#   No. of histories simulated [N]:
#            86384340.
#   CPU time [t] (s):
#    4.79622E+02
#   Speed (histories/s):
#    1.80109E+05
#   Average uncertainty (above 1/2 max score) in % [uncert]:
#    1.47094E-01
#   Intrinsic efficiency [N*uncert^2]^-1:
#    5.35025E-07
#   Absolute efficiency [t*uncert^2]^-1:
#    9.63630E-02
