#>>>>>>>>>>>>>>>>>>>>>>>>>>>>>>>>>>>>>>>>>>>>>>>>>>>>>>>>>>>>
# [SECTION REPORT FLUENCE SPECTRUM]
# PHOTONS                                                                       
#
# The spectral fluence is integrated over the detector volume, its units are cm^3/(cm^2*eV)=cm/eV.
#
# Detection material:
#  3
# Number of energy bins:
#  71
# Linear energy scale, bin width (eV):
#      Infinity
#
# For plotting purposes, two energies per bin are given, namely, the low end and the middle point of each bin.
#
# Elow(eV) : Emiddle(eV) : fluence(cm/eV) : +-2sigma : nbin
  1.00000E+04  1.05000E+04  9.77004E-10  2.0E-09 1
  1.10000E+04  1.15000E+04  0.00000E+00  0.0E+00 2
  1.20000E+04  1.25000E+04  0.00000E+00  0.0E+00 3
  1.30000E+04  1.35000E+04  2.01470E-09  2.4E-09 4
  1.40000E+04  1.45000E+04  1.11261E-09  1.6E-09 5
  1.50000E+04  1.55000E+04  1.33583E-08  9.1E-09 6
  1.60000E+04  1.65000E+04  2.62870E-08  1.4E-08 7
  1.70000E+04  1.75000E+04  7.93234E-08  2.2E-08 8
  1.80000E+04  1.85000E+04  1.38519E-06  7.3E-08 9
  1.90000E+04  1.95000E+04  2.93063E-06  1.1E-07 10
  2.00000E+04  2.05000E+04  1.05520E-05  2.1E-07 11
  2.10000E+04  2.15000E+04  2.38548E-05  3.2E-07 12
  2.20000E+04  2.25000E+04  5.42009E-05  5.0E-07 13
  2.30000E+04  2.35000E+04  1.41175E-04  8.5E-07 14
  2.40000E+04  2.45000E+04  2.73214E-04  1.2E-06 15
  2.50000E+04  2.55000E+04  3.38187E-04  1.2E-06 16
  2.60000E+04  2.65000E+04  8.26252E-03  6.5E-06 17
  2.70000E+04  2.75000E+04  5.25845E-04  1.6E-06 18
  2.80000E+04  2.85000E+04  7.43718E-04  1.9E-06 19
  2.90000E+04  2.95000E+04  2.54170E-03  3.6E-06 20
  3.00000E+04  3.05000E+04  1.39349E-03  2.6E-06 21
  3.10000E+04  3.15000E+04  3.87771E-03  4.4E-06 22
  3.20000E+04  3.25000E+04  6.41139E-03  5.7E-06 23
  3.30000E+04  3.35000E+04  1.49185E-03  2.6E-06 24
  3.40000E+04  3.45000E+04  1.68444E-03  2.7E-06 25
  3.50000E+04  3.55000E+04  1.87839E-03  2.9E-06 26
  3.60000E+04  3.65000E+04  3.74149E-03  4.3E-06 27
  3.70000E+04  3.75000E+04  2.46666E-03  3.3E-06 28
  3.80000E+04  3.85000E+04  2.05722E-03  2.9E-06 29
  3.90000E+04  3.95000E+04  2.20365E-03  3.0E-06 30
  4.00000E+04  4.05000E+04  2.33836E-03  3.1E-06 31
  4.10000E+04  4.15000E+04  2.45184E-03  3.2E-06 32
  4.20000E+04  4.25000E+04  2.55490E-03  3.3E-06 33
  4.30000E+04  4.35000E+04  2.64896E-03  3.4E-06 34
  4.40000E+04  4.45000E+04  2.73201E-03  3.5E-06 35
  4.50000E+04  4.55000E+04  2.80114E-03  3.5E-06 36
  4.60000E+04  4.65000E+04  2.86820E-03  3.6E-06 37
  4.70000E+04  4.75000E+04  2.92259E-03  3.6E-06 38
  4.80000E+04  4.85000E+04  2.98833E-03  3.7E-06 39
  4.90000E+04  4.95000E+04  3.04690E-03  3.7E-06 40
  5.00000E+04  5.05000E+04  3.06690E-03  3.8E-06 41
  5.10000E+04  5.15000E+04  3.06710E-03  3.8E-06 42
  5.20000E+04  5.25000E+04  3.06358E-03  3.8E-06 43
  5.30000E+04  5.35000E+04  3.05486E-03  3.8E-06 44
  5.40000E+04  5.45000E+04  3.04849E-03  3.8E-06 45
  5.50000E+04  5.55000E+04  3.03249E-03  3.8E-06 46
  5.60000E+04  5.65000E+04  3.01515E-03  3.8E-06 47
  5.70000E+04  5.75000E+04  2.98860E-03  3.8E-06 48
  5.80000E+04  5.85000E+04  2.96165E-03  3.7E-06 49
  5.90000E+04  5.95000E+04  7.86798E-03  6.0E-06 50
  6.00000E+04  6.05000E+04  1.18043E-02  7.3E-06 51
  6.10000E+04  6.15000E+04  2.81874E-03  3.7E-06 52
  6.20000E+04  6.25000E+04  2.77853E-03  3.7E-06 53
  6.30000E+04  6.35000E+04  2.74058E-03  3.6E-06 54
  6.40000E+04  6.45000E+04  2.69481E-03  3.6E-06 55
  6.50000E+04  6.55000E+04  2.64583E-03  3.6E-06 56
  6.60000E+04  6.65000E+04  2.60671E-03  3.6E-06 57
  6.70000E+04  6.75000E+04  2.55698E-03  3.5E-06 58
  6.80000E+04  6.85000E+04  6.11177E-03  5.4E-06 59
  6.90000E+04  6.95000E+04  2.44862E-03  3.5E-06 60
  7.00000E+04  7.05000E+04  2.84736E-03  3.7E-06 61
  7.10000E+04  7.15000E+04  1.81263E-03  3.0E-06 62
  7.20000E+04  7.25000E+04  1.79715E-03  3.0E-06 63
  7.30000E+04  7.35000E+04  1.77844E-03  3.0E-06 64
  7.40000E+04  7.45000E+04  1.75936E-03  3.0E-06 65
  7.50000E+04  7.55000E+04  1.73452E-03  2.9E-06 66
  7.60000E+04  7.65000E+04  1.71124E-03  2.9E-06 67
  7.70000E+04  7.75000E+04  1.68791E-03  2.9E-06 68
  7.80000E+04  7.85000E+04  1.66013E-03  2.9E-06 69
  7.90000E+04  7.95000E+04  1.63078E-03  2.9E-06 70
  8.00000E+04  8.05000E+04  1.60427E-03  2.8E-06 71
 
# Performance report
#   Random seeds:
#   1151165645
#   1673634939
#   No. of histories simulated [N]:
#           152012667.
#   CPU time [t] (s):
#    1.01068E+03
#   Speed (histories/s):
#    1.50407E+05
#   Average uncertainty (above 1/2 max score) in % [uncert]:
#    7.98031E-02
#   Intrinsic efficiency [N*uncert^2]^-1:
#    1.03295E-06
#   Absolute efficiency [t*uncert^2]^-1:
#    1.55364E-01
