#>>>>>>>>>>>>>>>>>>>>>>>>>>>>>>>>>>>>>>>>>>>>>>>>>>>>>>>>>>>>
# [SECTION REPORT FLUENCE SPECTRUM]
# PHOTONS                                                                       
#
# The spectral fluence is integrated over the detector volume, its units are cm^3/(cm^2*eV)=cm/eV.
#
# Detection material:
#  3
# Number of energy bins:
#  71
# Linear energy scale, bin width (eV):
#      Infinity
#
# For plotting purposes, two energies per bin are given, namely, the low end and the middle point of each bin.
#
# Elow(eV) : Emiddle(eV) : fluence(cm/eV) : +-2sigma : nbin
  1.00000E+04  1.05000E+04  1.61220E-04  8.6E-07 1
  1.10000E+04  1.15000E+04  3.76021E-06  1.3E-07 2
  1.20000E+04  1.25000E+04  8.79182E-05  6.6E-07 3
  1.30000E+04  1.35000E+04  2.12633E-04  1.0E-06 4
  1.40000E+04  1.45000E+04  2.33464E-06  1.1E-07 5
  1.50000E+04  1.55000E+04  6.05630E-05  5.6E-07 6
  1.60000E+04  1.65000E+04  2.73358E-06  1.2E-07 7
  1.70000E+04  1.75000E+04  4.49526E-08  1.6E-08 8
  1.80000E+04  1.85000E+04  1.01185E-06  5.2E-08 9
  1.90000E+04  1.95000E+04  2.27666E-06  8.1E-08 10
  2.00000E+04  2.05000E+04  7.53831E-06  1.4E-07 11
  2.10000E+04  2.15000E+04  1.65838E-05  2.1E-07 12
  2.20000E+04  2.25000E+04  3.37674E-05  3.0E-07 13
  2.30000E+04  2.35000E+04  6.20934E-05  4.1E-07 14
  2.40000E+04  2.45000E+04  1.02686E-04  5.3E-07 15
  2.50000E+04  2.55000E+04  1.59488E-04  6.6E-07 16
  2.60000E+04  2.65000E+04  2.31018E-04  8.0E-07 17
  2.70000E+04  2.75000E+04  3.20273E-04  9.4E-07 18
  2.80000E+04  2.85000E+04  4.26112E-04  1.1E-06 19
  2.90000E+04  2.95000E+04  5.46950E-04  1.2E-06 20
  3.00000E+04  3.05000E+04  6.78972E-04  1.4E-06 21
  3.10000E+04  3.15000E+04  8.16634E-04  1.5E-06 22
  3.20000E+04  3.25000E+04  9.61842E-04  1.7E-06 23
  3.30000E+04  3.35000E+04  1.11023E-03  1.8E-06 24
  3.40000E+04  3.45000E+04  1.26085E-03  2.0E-06 25
  3.50000E+04  3.55000E+04  1.40999E-03  2.1E-06 26
  3.60000E+04  3.65000E+04  1.56036E-03  2.3E-06 27
  3.70000E+04  3.75000E+04  1.70510E-03  2.4E-06 28
  3.80000E+04  3.85000E+04  1.84189E-03  2.5E-06 29
  3.90000E+04  3.95000E+04  1.97773E-03  2.6E-06 30
  4.00000E+04  4.05000E+04  2.10192E-03  2.7E-06 31
  4.10000E+04  4.15000E+04  2.21199E-03  2.8E-06 32
  4.20000E+04  4.25000E+04  2.31399E-03  2.9E-06 33
  4.30000E+04  4.35000E+04  2.40284E-03  3.0E-06 34
  4.40000E+04  4.45000E+04  2.48590E-03  3.0E-06 35
  4.50000E+04  4.55000E+04  2.55901E-03  3.1E-06 36
  4.60000E+04  4.65000E+04  2.62362E-03  3.2E-06 37
  4.70000E+04  4.75000E+04  2.68625E-03  3.2E-06 38
  4.80000E+04  4.85000E+04  2.76583E-03  3.3E-06 39
  4.90000E+04  4.95000E+04  2.84234E-03  3.4E-06 40
  5.00000E+04  5.05000E+04  2.86678E-03  3.4E-06 41
  5.10000E+04  5.15000E+04  2.86944E-03  3.4E-06 42
  5.20000E+04  5.25000E+04  2.86678E-03  3.4E-06 43
  5.30000E+04  5.35000E+04  2.86513E-03  3.4E-06 44
  5.40000E+04  5.45000E+04  2.87256E-03  3.4E-06 45
  5.50000E+04  5.55000E+04  2.86939E-03  3.4E-06 46
  5.60000E+04  5.65000E+04  2.85581E-03  3.4E-06 47
  5.70000E+04  5.75000E+04  2.84168E-03  3.4E-06 48
  5.80000E+04  5.85000E+04  2.82416E-03  3.4E-06 49
  5.90000E+04  5.95000E+04  7.41069E-03  5.5E-06 50
  6.00000E+04  6.05000E+04  1.11016E-02  6.7E-06 51
  6.10000E+04  6.15000E+04  2.69353E-03  3.4E-06 52
  6.20000E+04  6.25000E+04  2.65963E-03  3.4E-06 53
  6.30000E+04  6.35000E+04  2.62385E-03  3.4E-06 54
  6.40000E+04  6.45000E+04  2.59019E-03  3.3E-06 55
  6.50000E+04  6.55000E+04  2.55012E-03  3.3E-06 56
  6.60000E+04  6.65000E+04  2.51083E-03  3.3E-06 57
  6.70000E+04  6.75000E+04  2.46346E-03  3.3E-06 58
  6.80000E+04  6.85000E+04  5.84291E-03  5.0E-06 59
  6.90000E+04  6.95000E+04  2.36267E-03  3.2E-06 60
  7.00000E+04  7.05000E+04  2.74811E-03  3.5E-06 61
  7.10000E+04  7.15000E+04  1.76244E-03  2.8E-06 62
  7.20000E+04  7.25000E+04  1.74888E-03  2.8E-06 63
  7.30000E+04  7.35000E+04  1.73384E-03  2.8E-06 64
  7.40000E+04  7.45000E+04  2.59533E-03  3.4E-06 65
  7.50000E+04  7.55000E+04  1.68788E-03  2.7E-06 66
  7.60000E+04  7.65000E+04  1.66541E-03  2.7E-06 67
  7.70000E+04  7.75000E+04  3.14294E-03  3.8E-06 68
  7.80000E+04  7.85000E+04  1.61181E-03  2.7E-06 69
  7.90000E+04  7.95000E+04  1.58605E-03  2.7E-06 70
  8.00000E+04  8.05000E+04  1.55724E-03  2.6E-06 71
 
# Performance report
#   Random seeds:
#    964639663
#   2057848549
#   No. of histories simulated [N]:
#           165994009.
#   CPU time [t] (s):
#    1.03649E+03
#   Speed (histories/s):
#    1.60149E+05
#   Average uncertainty (above 1/2 max score) in % [uncert]:
#    7.39218E-02
#   Intrinsic efficiency [N*uncert^2]^-1:
#    1.10246E-06
#   Absolute efficiency [t*uncert^2]^-1:
#    1.76558E-01
