#>>>>>>>>>>>>>>>>>>>>>>>>>>>>>>>>>>>>>>>>>>>>>>>>>>>>>>>>>>>>
# [SECTION REPORT FLUENCE SPECTRUM]
# PHOTONS                                                                       
#
# The spectral fluence is integrated over the detector volume, its units are cm^3/(cm^2*eV)=cm/eV.
#
# Detection material:
#  3
# Number of energy bins:
#  71
# Linear energy scale, bin width (eV):
#      Infinity
#
# For plotting purposes, two energies per bin are given, namely, the low end and the middle point of each bin.
#
# Elow(eV) : Emiddle(eV) : fluence(cm/eV) : +-2sigma : nbin
  1.00000E+04  1.05000E+04  8.05629E-04  2.8E-06 1
  1.10000E+04  1.15000E+04  1.83537E-05  4.3E-07 2
  1.20000E+04  1.25000E+04  4.09554E-04  2.1E-06 3
  1.30000E+04  1.35000E+04  1.00304E-03  3.2E-06 4
  1.40000E+04  1.45000E+04  8.32548E-06  2.9E-07 5
  1.50000E+04  1.55000E+04  1.90107E-04  1.4E-06 6
  1.60000E+04  1.65000E+04  2.94030E-05  4.5E-07 7
  1.70000E+04  1.75000E+04  6.09594E-05  5.8E-07 8
  1.80000E+04  1.85000E+04  1.36368E-04  8.7E-07 9
  1.90000E+04  1.95000E+04  2.57220E-04  1.2E-06 10
  2.00000E+04  2.05000E+04  4.27279E-04  1.5E-06 11
  2.10000E+04  2.15000E+04  6.34297E-04  1.9E-06 12
  2.20000E+04  2.25000E+04  8.71455E-04  2.2E-06 13
  2.30000E+04  2.35000E+04  1.13288E-03  2.5E-06 14
  2.40000E+04  2.45000E+04  1.40569E-03  2.8E-06 15
  2.50000E+04  2.55000E+04  1.68352E-03  3.1E-06 16
  2.60000E+04  2.65000E+04  1.96166E-03  3.3E-06 17
  2.70000E+04  2.75000E+04  2.23118E-03  3.6E-06 18
  2.80000E+04  2.85000E+04  2.48212E-03  3.8E-06 19
  2.90000E+04  2.95000E+04  2.72397E-03  4.1E-06 20
  3.00000E+04  3.05000E+04  2.94297E-03  4.3E-06 21
  3.10000E+04  3.15000E+04  3.11923E-03  4.4E-06 22
  3.20000E+04  3.25000E+04  3.26017E-03  4.6E-06 23
  3.30000E+04  3.35000E+04  3.38358E-03  4.7E-06 24
  3.40000E+04  3.45000E+04  3.49483E-03  4.9E-06 25
  3.50000E+04  3.55000E+04  3.59159E-03  5.0E-06 26
  3.60000E+04  3.65000E+04  3.66321E-03  5.1E-06 27
  3.70000E+04  3.75000E+04  3.72401E-03  5.2E-06 28
  3.80000E+04  3.85000E+04  3.76889E-03  5.3E-06 29
  3.90000E+04  3.95000E+04  3.79979E-03  5.3E-06 30
  4.00000E+04  4.05000E+04  3.81631E-03  5.4E-06 31
  4.10000E+04  4.15000E+04  3.80875E-03  5.4E-06 32
  4.20000E+04  4.25000E+04  3.78227E-03  5.4E-06 33
  4.30000E+04  4.35000E+04  3.74451E-03  5.4E-06 34
  4.40000E+04  4.45000E+04  3.70887E-03  5.5E-06 35
  4.50000E+04  4.55000E+04  3.65883E-03  5.4E-06 36
  4.60000E+04  4.65000E+04  3.60352E-03  5.4E-06 37
  4.70000E+04  4.75000E+04  3.54559E-03  5.4E-06 38
  4.80000E+04  4.85000E+04  3.48535E-03  5.4E-06 39
  4.90000E+04  4.95000E+04  3.41772E-03  5.4E-06 40
  5.00000E+04  5.05000E+04  3.34073E-03  5.3E-06 41
  5.10000E+04  5.15000E+04  3.25125E-03  5.3E-06 42
  5.20000E+04  5.25000E+04  3.14976E-03  5.2E-06 43
  5.30000E+04  5.35000E+04  3.05374E-03  5.1E-06 44
  5.40000E+04  5.45000E+04  2.96611E-03  5.1E-06 45
  5.50000E+04  5.55000E+04  2.86008E-03  5.0E-06 46
  5.60000E+04  5.65000E+04  2.76102E-03  4.9E-06 47
  5.70000E+04  5.75000E+04  2.64829E-03  4.8E-06 48
  5.80000E+04  5.85000E+04  2.54539E-03  4.8E-06 49
  5.90000E+04  5.95000E+04  3.35985E-03  5.5E-06 50
  6.00000E+04  6.05000E+04  3.94846E-03  5.9E-06 51
  6.10000E+04  6.15000E+04  2.20759E-03  4.5E-06 52
  6.20000E+04  6.25000E+04  2.09413E-03  4.3E-06 53
  6.30000E+04  6.35000E+04  1.97896E-03  4.2E-06 54
  6.40000E+04  6.45000E+04  1.87011E-03  4.1E-06 55
  6.50000E+04  6.55000E+04  1.75395E-03  4.0E-06 56
  6.60000E+04  6.65000E+04  1.64647E-03  3.9E-06 57
  6.70000E+04  6.75000E+04  1.52924E-03  3.7E-06 58
  6.80000E+04  6.85000E+04  2.01693E-03  4.3E-06 59
  6.90000E+04  6.95000E+04  1.30419E-03  3.5E-06 60
  7.00000E+04  7.05000E+04  1.32254E-03  3.5E-06 61
  7.10000E+04  7.15000E+04  1.05425E-03  3.1E-06 62
  7.20000E+04  7.25000E+04  9.50441E-04  3.0E-06 63
  7.30000E+04  7.35000E+04  8.43307E-04  2.8E-06 64
  7.40000E+04  7.45000E+04  7.40307E-04  2.6E-06 65
  7.50000E+04  7.55000E+04  6.32778E-04  2.4E-06 66
  7.60000E+04  7.65000E+04  5.28508E-04  2.2E-06 67
  7.70000E+04  7.75000E+04  4.21117E-04  2.0E-06 68
  7.80000E+04  7.85000E+04  3.17073E-04  1.7E-06 69
  7.90000E+04  7.95000E+04  2.09447E-04  1.4E-06 70
  8.00000E+04  8.05000E+04  1.05552E-04  1.0E-06 71
 
# Performance report
#   Random seeds:
#    150304762
#   1334859617
#   No. of histories simulated [N]:
#            80264782.
#   CPU time [t] (s):
#    4.86703E+02
#   Speed (histories/s):
#    1.64915E+05
#   Average uncertainty (above 1/2 max score) in % [uncert]:
#    1.60629E-01
#   Intrinsic efficiency [N*uncert^2]^-1:
#    4.82865E-07
#   Absolute efficiency [t*uncert^2]^-1:
#    7.96318E-02
