#>>>>>>>>>>>>>>>>>>>>>>>>>>>>>>>>>>>>>>>>>>>>>>>>>>>>>>>>>>>>
# [SECTION REPORT FLUENCE SPECTRUM]
# PHOTONS                                                                       
#
# The spectral fluence is integrated over the detector volume, its units are cm^3/(cm^2*eV)=cm/eV.
#
# Detection material:
#  3
# Number of energy bins:
#  71
# Linear energy scale, bin width (eV):
#      Infinity
#
# For plotting purposes, two energies per bin are given, namely, the low end and the middle point of each bin.
#
# Elow(eV) : Emiddle(eV) : fluence(cm/eV) : +-2sigma : nbin
  1.00000E+04  1.05000E+04  4.81180E-10  9.6E-10 1
  1.10000E+04  1.15000E+04  0.00000E+00  0.0E+00 2
  1.20000E+04  1.25000E+04  9.05246E-10  1.8E-09 3
  1.30000E+04  1.35000E+04  5.42260E-10  8.2E-10 4
  1.40000E+04  1.45000E+04  4.09210E-09  5.0E-09 5
  1.50000E+04  1.55000E+04  1.88646E-08  9.8E-09 6
  1.60000E+04  1.65000E+04  2.72324E-08  1.2E-08 7
  1.70000E+04  1.75000E+04  1.10417E-07  2.4E-08 8
  1.80000E+04  1.85000E+04  1.41738E-06  7.1E-08 9
  1.90000E+04  1.95000E+04  3.29453E-06  1.1E-07 10
  2.00000E+04  2.05000E+04  1.20948E-05  2.2E-07 11
  2.10000E+04  2.15000E+04  3.43268E-05  3.9E-07 12
  2.20000E+04  2.25000E+04  1.30780E-04  8.1E-07 13
  2.30000E+04  2.35000E+04  3.72750E-04  1.3E-06 14
  2.40000E+04  2.45000E+04  3.98011E-04  1.3E-06 15
  2.50000E+04  2.55000E+04  1.45189E-02  8.2E-06 16
  2.60000E+04  2.65000E+04  3.96171E-04  1.3E-06 17
  2.70000E+04  2.75000E+04  5.22002E-04  1.5E-06 18
  2.80000E+04  2.85000E+04  3.58406E-03  4.1E-06 19
  2.90000E+04  2.95000E+04  1.25533E-03  2.3E-06 20
  3.00000E+04  3.05000E+04  7.27488E-04  1.5E-06 21
  3.10000E+04  3.15000E+04  8.78302E-04  1.7E-06 22
  3.20000E+04  3.25000E+04  1.03713E-03  1.8E-06 23
  3.30000E+04  3.35000E+04  1.20289E-03  2.0E-06 24
  3.40000E+04  3.45000E+04  1.36746E-03  2.1E-06 25
  3.50000E+04  3.55000E+04  1.53673E-03  2.3E-06 26
  3.60000E+04  3.65000E+04  1.70019E-03  2.4E-06 27
  3.70000E+04  3.75000E+04  1.85699E-03  2.6E-06 28
  3.80000E+04  3.85000E+04  2.01111E-03  2.7E-06 29
  3.90000E+04  3.95000E+04  2.15213E-03  2.8E-06 30
  4.00000E+04  4.05000E+04  2.28933E-03  2.9E-06 31
  4.10000E+04  4.15000E+04  2.40588E-03  3.0E-06 32
  4.20000E+04  4.25000E+04  2.50738E-03  3.1E-06 33
  4.30000E+04  4.35000E+04  2.59985E-03  3.2E-06 34
  4.40000E+04  4.45000E+04  2.68444E-03  3.2E-06 35
  4.50000E+04  4.55000E+04  2.75393E-03  3.3E-06 36
  4.60000E+04  4.65000E+04  2.82071E-03  3.3E-06 37
  4.70000E+04  4.75000E+04  2.88126E-03  3.4E-06 38
  4.80000E+04  4.85000E+04  2.95688E-03  3.5E-06 39
  4.90000E+04  4.95000E+04  3.02623E-03  3.5E-06 40
  5.00000E+04  5.05000E+04  3.04849E-03  3.5E-06 41
  5.10000E+04  5.15000E+04  3.04284E-03  3.5E-06 42
  5.20000E+04  5.25000E+04  3.03570E-03  3.5E-06 43
  5.30000E+04  5.35000E+04  3.02549E-03  3.6E-06 44
  5.40000E+04  5.45000E+04  3.02846E-03  3.6E-06 45
  5.50000E+04  5.55000E+04  3.01826E-03  3.6E-06 46
  5.60000E+04  5.65000E+04  2.99711E-03  3.6E-06 47
  5.70000E+04  5.75000E+04  2.97664E-03  3.5E-06 48
  5.80000E+04  5.85000E+04  2.94934E-03  3.5E-06 49
  5.90000E+04  5.95000E+04  7.77670E-03  5.7E-06 50
  6.00000E+04  6.05000E+04  1.16419E-02  6.9E-06 51
  6.10000E+04  6.15000E+04  2.80114E-03  3.5E-06 52
  6.20000E+04  6.25000E+04  2.76336E-03  3.5E-06 53
  6.30000E+04  6.35000E+04  2.72554E-03  3.4E-06 54
  6.40000E+04  6.45000E+04  2.67935E-03  3.4E-06 55
  6.50000E+04  6.55000E+04  2.63616E-03  3.4E-06 56
  6.60000E+04  6.65000E+04  2.58839E-03  3.4E-06 57
  6.70000E+04  6.75000E+04  2.54340E-03  3.3E-06 58
  6.80000E+04  6.85000E+04  6.05365E-03  5.1E-06 59
  6.90000E+04  6.95000E+04  2.43503E-03  3.3E-06 60
  7.00000E+04  7.05000E+04  2.83099E-03  3.5E-06 61
  7.10000E+04  7.15000E+04  1.80914E-03  2.8E-06 62
  7.20000E+04  7.25000E+04  1.79290E-03  2.8E-06 63
  7.30000E+04  7.35000E+04  1.77424E-03  2.8E-06 64
  7.40000E+04  7.45000E+04  1.75672E-03  2.8E-06 65
  7.50000E+04  7.55000E+04  1.73024E-03  2.8E-06 66
  7.60000E+04  7.65000E+04  1.70380E-03  2.8E-06 67
  7.70000E+04  7.75000E+04  1.67689E-03  2.7E-06 68
  7.80000E+04  7.85000E+04  1.65555E-03  2.7E-06 69
  7.90000E+04  7.95000E+04  1.62652E-03  2.7E-06 70
  8.00000E+04  8.05000E+04  1.59641E-03  2.7E-06 71
 
# Performance report
#   Random seeds:
#   1541006512
#    338925298
#   No. of histories simulated [N]:
#           168437586.
#   CPU time [t] (s):
#    1.09895E+03
#   Speed (histories/s):
#    1.53271E+05
#   Average uncertainty (above 1/2 max score) in % [uncert]:
#    6.31896E-02
#   Intrinsic efficiency [N*uncert^2]^-1:
#    1.48686E-06
#   Absolute efficiency [t*uncert^2]^-1:
#    2.27893E-01
