#>>>>>>>>>>>>>>>>>>>>>>>>>>>>>>>>>>>>>>>>>>>>>>>>>>>>>>>>>>>>
# [SECTION REPORT FLUENCE SPECTRUM]
# PHOTONS                                                                       
#
# The spectral fluence is integrated over the detector volume, its units are cm^3/(cm^2*eV)=cm/eV.
#
# Detection material:
#  3
# Number of energy bins:
#  71
# Linear energy scale, bin width (eV):
#      Infinity
#
# For plotting purposes, two energies per bin are given, namely, the low end and the middle point of each bin.
#
# Elow(eV) : Emiddle(eV) : fluence(cm/eV) : +-2sigma : nbin
  1.00000E+04  1.05000E+04  6.45118E-11  1.3E-10 1
  1.10000E+04  1.15000E+04  4.25941E-10  6.1E-10 2
  1.20000E+04  1.25000E+04  1.33340E-09  1.2E-09 3
  1.30000E+04  1.35000E+04  2.40340E-09  1.9E-09 4
  1.40000E+04  1.45000E+04  5.41308E-09  2.9E-09 5
  1.50000E+04  1.55000E+04  1.07919E-08  4.0E-09 6
  1.60000E+04  1.65000E+04  3.99417E-08  7.8E-09 7
  1.70000E+04  1.75000E+04  1.11500E-07  1.3E-08 8
  1.80000E+04  1.85000E+04  1.29912E-06  3.4E-08 9
  1.90000E+04  1.95000E+04  2.93374E-06  5.3E-08 10
  2.00000E+04  2.05000E+04  1.01159E-05  9.8E-08 11
  2.10000E+04  2.15000E+04  2.70285E-05  1.7E-07 12
  2.20000E+04  2.25000E+04  8.94330E-05  3.4E-07 13
  2.30000E+04  2.35000E+04  2.78898E-04  6.1E-07 14
  2.40000E+04  2.45000E+04  4.23349E-04  7.2E-07 15
  2.50000E+04  2.55000E+04  7.82851E-03  3.3E-06 16
  2.60000E+04  2.65000E+04  1.18505E-02  4.0E-06 17
  2.70000E+04  2.75000E+04  4.42025E-04  6.7E-07 18
  2.80000E+04  2.85000E+04  2.21399E-03  1.7E-06 19
  2.90000E+04  2.95000E+04  2.36484E-03  1.8E-06 20
  3.00000E+04  3.05000E+04  1.00224E-03  1.0E-06 21
  3.10000E+04  3.15000E+04  1.67760E-03  1.4E-06 22
  3.20000E+04  3.25000E+04  2.58194E-03  1.8E-06 23
  3.30000E+04  3.35000E+04  1.02553E-03  8.7E-07 24
  3.40000E+04  3.45000E+04  1.15241E-03  9.3E-07 25
  3.50000E+04  3.55000E+04  1.27638E-03  9.8E-07 26
  3.60000E+04  3.65000E+04  2.01738E-03  1.4E-06 27
  3.70000E+04  3.75000E+04  1.63952E-03  1.2E-06 28
  3.80000E+04  3.85000E+04  1.56072E-03  1.1E-06 29
  3.90000E+04  3.95000E+04  1.65694E-03  1.1E-06 30
  4.00000E+04  4.05000E+04  1.74848E-03  1.1E-06 31
  4.10000E+04  4.15000E+04  1.82475E-03  1.2E-06 32
  4.20000E+04  4.25000E+04  1.89587E-03  1.2E-06 33
  4.30000E+04  4.35000E+04  1.96121E-03  1.2E-06 34
  4.40000E+04  4.45000E+04  2.01843E-03  1.3E-06 35
  4.50000E+04  4.55000E+04  2.07214E-03  1.3E-06 36
  4.60000E+04  4.65000E+04  2.12158E-03  1.3E-06 37
  4.70000E+04  4.75000E+04  2.16975E-03  1.4E-06 38
  4.80000E+04  4.85000E+04  2.23017E-03  1.4E-06 39
  4.90000E+04  4.95000E+04  2.28562E-03  1.4E-06 40
  5.00000E+04  5.05000E+04  2.31058E-03  1.4E-06 41
  5.10000E+04  5.15000E+04  2.32084E-03  1.5E-06 42
  5.20000E+04  5.25000E+04  2.32737E-03  1.5E-06 43
  5.30000E+04  5.35000E+04  2.33420E-03  1.5E-06 44
  5.40000E+04  5.45000E+04  2.34623E-03  1.5E-06 45
  5.50000E+04  5.55000E+04  2.34982E-03  1.5E-06 46
  5.60000E+04  5.65000E+04  2.34859E-03  1.5E-06 47
  5.70000E+04  5.75000E+04  2.34431E-03  1.5E-06 48
  5.80000E+04  5.85000E+04  2.33857E-03  1.5E-06 49
  5.90000E+04  5.95000E+04  6.20206E-03  2.4E-06 50
  6.00000E+04  6.05000E+04  9.35526E-03  3.0E-06 51
  6.10000E+04  6.15000E+04  2.26239E-03  1.5E-06 52
  6.20000E+04  6.25000E+04  2.24256E-03  1.5E-06 53
  6.30000E+04  6.35000E+04  2.22175E-03  1.5E-06 54
  6.40000E+04  6.45000E+04  2.20029E-03  1.5E-06 55
  6.50000E+04  6.55000E+04  2.17609E-03  1.5E-06 56
  6.60000E+04  6.65000E+04  2.15180E-03  1.5E-06 57
  6.70000E+04  6.75000E+04  2.12231E-03  1.5E-06 58
  6.80000E+04  6.85000E+04  5.07905E-03  2.3E-06 59
  6.90000E+04  6.95000E+04  2.05546E-03  1.5E-06 60
  7.00000E+04  7.05000E+04  2.39937E-03  1.6E-06 61
  7.10000E+04  7.15000E+04  1.54134E-03  1.3E-06 62
  7.20000E+04  7.25000E+04  1.53408E-03  1.3E-06 63
  7.30000E+04  7.35000E+04  1.52419E-03  1.3E-06 64
  7.40000E+04  7.45000E+04  1.51469E-03  1.3E-06 65
  7.50000E+04  7.55000E+04  1.50052E-03  1.3E-06 66
  7.60000E+04  7.65000E+04  1.48499E-03  1.3E-06 67
  7.70000E+04  7.75000E+04  1.46888E-03  1.3E-06 68
  7.80000E+04  7.85000E+04  1.45143E-03  1.3E-06 69
  7.90000E+04  7.95000E+04  1.43179E-03  1.3E-06 70
  8.00000E+04  8.05000E+04  1.41157E-03  1.3E-06 71
 
# Performance report
#   Random seeds:
#    111901191
#   1018085641
#   No. of histories simulated [N]:
#           610288500.
#   CPU time [t] (s):
#    4.00043E+03
#   Speed (histories/s):
#    1.52556E+05
#   Average uncertainty (above 1/2 max score) in % [uncert]:
#    3.69942E-02
#   Intrinsic efficiency [N*uncert^2]^-1:
#    1.19729E-06
#   Absolute efficiency [t*uncert^2]^-1:
#    1.82653E-01
