#>>>>>>>>>>>>>>>>>>>>>>>>>>>>>>>>>>>>>>>>>>>>>>>>>>>>>>>>>>>>
# [SECTION REPORT FLUENCE SPECTRUM]
# PHOTONS                                                                       
#
# The spectral fluence is integrated over the detector volume, its units are cm^3/(cm^2*eV)=cm/eV.
#
# Detection material:
#  3
# Number of energy bins:
#  71
# Linear energy scale, bin width (eV):
#      Infinity
#
# For plotting purposes, two energies per bin are given, namely, the low end and the middle point of each bin.
#
# Elow(eV) : Emiddle(eV) : fluence(cm/eV) : +-2sigma : nbin
  1.00000E+04  1.05000E+04  1.31815E-10  1.6E-10 1
  1.10000E+04  1.15000E+04  7.22106E-10  3.9E-10 2
  1.20000E+04  1.25000E+04  1.33296E-09  6.1E-10 3
  1.30000E+04  1.35000E+04  2.62037E-09  8.7E-10 4
  1.40000E+04  1.45000E+04  4.05426E-09  1.1E-09 5
  1.50000E+04  1.55000E+04  7.37176E-09  1.5E-09 6
  1.60000E+04  1.65000E+04  2.73203E-08  2.9E-09 7
  1.70000E+04  1.75000E+04  8.24115E-08  4.9E-09 8
  1.80000E+04  1.85000E+04  1.20375E-06  1.4E-08 9
  1.90000E+04  1.95000E+04  2.61943E-06  2.1E-08 10
  2.00000E+04  2.05000E+04  8.63931E-06  3.8E-08 11
  2.10000E+04  2.15000E+04  2.02616E-05  6.0E-08 12
  2.20000E+04  2.25000E+04  4.88333E-05  9.8E-08 13
  2.30000E+04  2.35000E+04  1.55837E-04  2.0E-07 14
  2.40000E+04  2.45000E+04  3.30879E-04  2.8E-07 15
  2.50000E+04  2.55000E+04  3.70525E-04  2.8E-07 16
  2.60000E+04  2.65000E+04  1.36741E-02  1.9E-06 17
  2.70000E+04  2.75000E+04  4.24883E-04  2.8E-07 18
  2.80000E+04  2.85000E+04  5.98376E-04  3.4E-07 19
  2.90000E+04  2.95000E+04  3.75643E-03  9.9E-07 20
  3.00000E+04  3.05000E+04  1.46291E-03  5.7E-07 21
  3.10000E+04  3.15000E+04  3.40557E-03  9.4E-07 22
  3.20000E+04  3.25000E+04  5.76522E-03  1.2E-06 23
  3.30000E+04  3.35000E+04  1.05308E-03  4.0E-07 24
  3.40000E+04  3.45000E+04  1.18140E-03  4.2E-07 25
  3.50000E+04  3.55000E+04  1.31274E-03  4.5E-07 26
  3.60000E+04  3.65000E+04  3.19611E-03  8.5E-07 27
  3.70000E+04  3.75000E+04  1.92637E-03  5.9E-07 28
  3.80000E+04  3.85000E+04  1.52224E-03  4.6E-07 29
  3.90000E+04  3.95000E+04  1.60885E-03  4.7E-07 30
  4.00000E+04  4.05000E+04  1.68864E-03  4.9E-07 31
  4.10000E+04  4.15000E+04  1.75504E-03  5.0E-07 32
  4.20000E+04  4.25000E+04  1.81479E-03  5.1E-07 33
  4.30000E+04  4.35000E+04  1.86800E-03  5.2E-07 34
  4.40000E+04  4.45000E+04  1.91592E-03  5.3E-07 35
  4.50000E+04  4.55000E+04  1.95814E-03  5.4E-07 36
  4.60000E+04  4.65000E+04  1.99785E-03  5.5E-07 37
  4.70000E+04  4.75000E+04  2.03537E-03  5.6E-07 38
  4.80000E+04  4.85000E+04  2.08434E-03  5.7E-07 39
  4.90000E+04  4.95000E+04  2.13087E-03  5.8E-07 40
  5.00000E+04  5.05000E+04  2.14906E-03  5.9E-07 41
  5.10000E+04  5.15000E+04  2.15412E-03  5.9E-07 42
  5.20000E+04  5.25000E+04  2.15697E-03  6.0E-07 43
  5.30000E+04  5.35000E+04  2.16150E-03  6.0E-07 44
  5.40000E+04  5.45000E+04  2.16939E-03  6.1E-07 45
  5.50000E+04  5.55000E+04  2.17106E-03  6.1E-07 46
  5.60000E+04  5.65000E+04  2.16902E-03  6.1E-07 47
  5.70000E+04  5.75000E+04  2.16438E-03  6.2E-07 48
  5.80000E+04  5.85000E+04  2.15876E-03  6.2E-07 49
  5.90000E+04  5.95000E+04  5.72609E-03  9.9E-07 50
  6.00000E+04  6.05000E+04  8.63280E-03  1.2E-06 51
  6.10000E+04  6.15000E+04  2.09114E-03  6.2E-07 52
  6.20000E+04  6.25000E+04  2.07436E-03  6.2E-07 53
  6.30000E+04  6.35000E+04  2.05687E-03  6.2E-07 54
  6.40000E+04  6.45000E+04  2.03872E-03  6.2E-07 55
  6.50000E+04  6.55000E+04  2.01735E-03  6.2E-07 56
  6.60000E+04  6.65000E+04  1.99704E-03  6.2E-07 57
  6.70000E+04  6.75000E+04  1.97355E-03  6.2E-07 58
  6.80000E+04  6.85000E+04  4.72187E-03  9.6E-07 59
  6.90000E+04  6.95000E+04  1.91494E-03  6.2E-07 60
  7.00000E+04  7.05000E+04  2.23746E-03  6.7E-07 61
  7.10000E+04  7.15000E+04  1.44000E-03  5.4E-07 62
  7.20000E+04  7.25000E+04  1.43514E-03  5.4E-07 63
  7.30000E+04  7.35000E+04  1.42794E-03  5.4E-07 64
  7.40000E+04  7.45000E+04  1.42025E-03  5.4E-07 65
  7.50000E+04  7.55000E+04  1.40860E-03  5.4E-07 66
  7.60000E+04  7.65000E+04  1.39684E-03  5.4E-07 67
  7.70000E+04  7.75000E+04  1.38348E-03  5.4E-07 68
  7.80000E+04  7.85000E+04  1.36842E-03  5.4E-07 69
  7.90000E+04  7.95000E+04  1.35080E-03  5.4E-07 70
  8.00000E+04  8.05000E+04  1.33284E-03  5.4E-07 71
 
# Performance report
#   Random seeds:
#   1377740617
#   1116525991
#   No. of histories simulated [N]:
#          3129170227.
#   CPU time [t] (s):
#    1.99940E+04
#   Speed (histories/s):
#    1.56505E+05
#   Average uncertainty (above 1/2 max score) in % [uncert]:
#    1.40426E-02
#   Intrinsic efficiency [N*uncert^2]^-1:
#    1.62060E-06
#   Absolute efficiency [t*uncert^2]^-1:
#    2.53632E-01
