#>>>>>>>>>>>>>>>>>>>>>>>>>>>>>>>>>>>>>>>>>>>>>>>>>>>>>>>>>>>>
# [SECTION REPORT FLUENCE SPECTRUM]
# PHOTONS                                                                       
#
# The spectral fluence is integrated over the detector volume, its units are cm^3/(cm^2*eV)=cm/eV.
#
# Detection material:
#  3
# Number of energy bins:
#  71
# Linear energy scale, bin width (eV):
#      Infinity
#
# For plotting purposes, two energies per bin are given, namely, the low end and the middle point of each bin.
#
# Elow(eV) : Emiddle(eV) : fluence(cm/eV) : +-2sigma : nbin
  1.00000E+04  1.05000E+04  2.10604E-10  4.2E-10 1
  1.10000E+04  1.15000E+04  2.88368E-10  4.7E-10 2
  1.20000E+04  1.25000E+04  3.16426E-09  1.7E-09 3
  1.30000E+04  1.35000E+04  1.98317E-08  4.1E-09 4
  1.40000E+04  1.45000E+04  1.01815E-06  2.2E-08 5
  1.50000E+04  1.55000E+04  3.16715E-06  3.9E-08 6
  1.60000E+04  1.65000E+04  1.15980E-05  7.4E-08 7
  1.70000E+04  1.75000E+04  3.37119E-05  1.3E-07 8
  1.80000E+04  1.85000E+04  7.69202E-05  1.9E-07 9
  1.90000E+04  1.95000E+04  1.49827E-04  2.6E-07 10
  2.00000E+04  2.05000E+04  2.58879E-04  3.5E-07 11
  2.10000E+04  2.15000E+04  4.04937E-04  4.4E-07 12
  2.20000E+04  2.25000E+04  6.51747E-04  5.9E-07 13
  2.30000E+04  2.35000E+04  1.05289E-03  7.9E-07 14
  2.40000E+04  2.45000E+04  1.20461E-03  8.0E-07 15
  2.50000E+04  2.55000E+04  2.14135E-02  4.3E-06 16
  2.60000E+04  2.65000E+04  1.39829E-03  8.2E-07 17
  2.70000E+04  2.75000E+04  1.58797E-03  8.7E-07 18
  2.80000E+04  2.85000E+04  6.06868E-03  2.2E-06 19
  2.90000E+04  2.95000E+04  2.76274E-03  1.3E-06 20
  3.00000E+04  3.05000E+04  1.94905E-03  9.1E-07 21
  3.10000E+04  3.15000E+04  2.05189E-03  9.4E-07 22
  3.20000E+04  3.25000E+04  2.13024E-03  9.5E-07 23
  3.30000E+04  3.35000E+04  2.19456E-03  9.7E-07 24
  3.40000E+04  3.45000E+04  2.24258E-03  9.8E-07 25
  3.50000E+04  3.55000E+04  2.27964E-03  9.9E-07 26
  3.60000E+04  3.65000E+04  2.30214E-03  9.9E-07 27
  3.70000E+04  3.75000E+04  2.31507E-03  9.9E-07 28
  3.80000E+04  3.85000E+04  2.31717E-03  9.9E-07 29
  3.90000E+04  3.95000E+04  2.31391E-03  9.9E-07 30
  4.00000E+04  4.05000E+04  2.30172E-03  9.9E-07 31
  4.10000E+04  4.15000E+04  2.27515E-03  9.8E-07 32
  4.20000E+04  4.25000E+04  2.24193E-03  9.8E-07 33
  4.30000E+04  4.35000E+04  2.20556E-03  9.7E-07 34
  4.40000E+04  4.45000E+04  2.16800E-03  9.6E-07 35
  4.50000E+04  4.55000E+04  2.12969E-03  9.5E-07 36
  4.60000E+04  4.65000E+04  2.08778E-03  9.5E-07 37
  4.70000E+04  4.75000E+04  2.05035E-03  9.4E-07 38
  4.80000E+04  4.85000E+04  2.01718E-03  9.4E-07 39
  4.90000E+04  4.95000E+04  1.98563E-03  9.3E-07 40
  5.00000E+04  5.05000E+04  1.94369E-03  9.3E-07 41
  5.10000E+04  5.15000E+04  1.89602E-03  9.2E-07 42
  5.20000E+04  5.25000E+04  1.84867E-03  9.1E-07 43
  5.30000E+04  5.35000E+04  1.80427E-03  9.0E-07 44
  5.40000E+04  5.45000E+04  1.76341E-03  8.9E-07 45
  5.50000E+04  5.55000E+04  1.72322E-03  8.8E-07 46
  5.60000E+04  5.65000E+04  1.68162E-03  8.8E-07 47
  5.70000E+04  5.75000E+04  1.64203E-03  8.7E-07 48
  5.80000E+04  5.85000E+04  1.60331E-03  8.6E-07 49
  5.90000E+04  5.95000E+04  3.41014E-03  1.2E-06 50
  6.00000E+04  6.05000E+04  4.80014E-03  1.5E-06 51
  6.10000E+04  6.15000E+04  1.47512E-03  8.4E-07 52
  6.20000E+04  6.25000E+04  1.43688E-03  8.3E-07 53
  6.30000E+04  6.35000E+04  1.40089E-03  8.3E-07 54
  6.40000E+04  6.45000E+04  1.36607E-03  8.2E-07 55
  6.50000E+04  6.55000E+04  1.33057E-03  8.2E-07 56
  6.60000E+04  6.65000E+04  1.29411E-03  8.1E-07 57
  6.70000E+04  6.75000E+04  1.26018E-03  8.0E-07 58
  6.80000E+04  6.85000E+04  2.48302E-03  1.1E-06 59
  6.90000E+04  6.95000E+04  1.18520E-03  7.9E-07 60
  7.00000E+04  7.05000E+04  1.39500E-03  8.6E-07 61
  7.10000E+04  7.15000E+04  1.01519E-03  7.4E-07 62
  7.20000E+04  7.25000E+04  9.89371E-04  7.3E-07 63
  7.30000E+04  7.35000E+04  9.63178E-04  7.3E-07 64
  7.40000E+04  7.45000E+04  9.36274E-04  7.2E-07 65
  7.50000E+04  7.55000E+04  9.09546E-04  7.1E-07 66
  7.60000E+04  7.65000E+04  8.79989E-04  7.1E-07 67
  7.70000E+04  7.75000E+04  8.51617E-04  7.0E-07 68
  7.80000E+04  7.85000E+04  8.21974E-04  6.9E-07 69
  7.90000E+04  7.95000E+04  7.93359E-04  6.8E-07 70
  8.00000E+04  8.05000E+04  7.62057E-04  6.7E-07 71
 
# Performance report
#   Random seeds:
#   1387498106
#   1392543891
#   No. of histories simulated [N]:
#           973757470.
#   CPU time [t] (s):
#    5.72748E+03
#   Speed (histories/s):
#    1.70015E+05
#   Average uncertainty (above 1/2 max score) in % [uncert]:
#    2.02877E-02
#   Intrinsic efficiency [N*uncert^2]^-1:
#    2.49507E-06
#   Absolute efficiency [t*uncert^2]^-1:
#    4.24199E-01
